MISC_ORG_gene_00021	FW1K03B02SXCSX	55	218	2	493	1e-79	164	90.24	242
MISC_ORG_gene_00021	FSVKIWA01CLFTI	83	242	494	15	3e-78	160	90.00	242
MISC_ORG_gene_00021	FSVKIWA01D1IWA	11	169	479	3	9e-76	159	90.57	242
MISC_ORG_gene_00021	FSVKIWA01BXO0Y	49	176	1	384	4e-72	128	88.28	242
MISC_ORG_gene_00021	FSVKIWA01BXO0Y	181	212	395	490	4e-72	32	96.88	242
MISC_ORG_gene_00021	FSVKIWA01ASQSH	77	198	367	2	7e-72	122	86.07	242
MISC_ORG_gene_00021	FSVKIWA01ASQSH	39	79	482	360	7e-72	41	100.00	242
MISC_ORG_gene_00021	FSVKIWA01ECNXC	113	198	259	2	5e-70	86	81.40	242
MISC_ORG_gene_00021	FSVKIWA01ECNXC	33	77	501	367	5e-70	45	97.78	242
MISC_ORG_gene_00021	FSVKIWA01ECNXC	75	113	374	258	5e-70	39	97.44	242
MISC_ORG_gene_00021	FW1K03B02R3D8L	1	130	59	448	5e-70	130	99.23	242
MISC_ORG_gene_00021	FSVKIWA01CB3IL	72	198	385	2	7e-68	128	85.16	242
MISC_ORG_gene_00021	FSVKIWA01CB3IL	40	77	480	367	7e-68	38	84.21	242
MISC_ORG_gene_00021	FSVKIWA01BT8UT	55	198	433	2	5e-67	144	89.58	242
MISC_ORG_gene_00021	FSVKIWA01D2YPK	1	129	65	451	1e-66	129	96.12	242
MISC_ORG_gene_00021	FW1K03B01BL9W5	1	125	129	503	1e-66	125	99.20	242
MISC_ORG_gene_00021	FSVKIWA02QSGBZ	4	128	3	377	3e-65	125	98.40	242
MISC_ORG_gene_00021	FSVKIWA02QMZTI	104	242	465	49	7e-65	139	88.49	242
MISC_ORG_gene_00021	FSVKIWA02RGV4K	1	121	124	486	7e-64	121	99.17	242
MISC_ORG_gene_00021	FSVKIWA01B5KEN	55	176	434	69	2e-62	122	83.61	242
MISC_ORG_gene_00021	FSVKIWA01B5KEN	169	198	91	2	2e-62	30	96.67	242
MISC_ORG_gene_00021	FW1K03B02QBPLQ	1	115	87	431	1e-60	115	99.13	242
MISC_ORG_gene_00021	FSVKIWA02RNV97	145	242	308	15	3e-59	98	97.96	242
MISC_ORG_gene_00021	FSVKIWA02RNV97	107	130	423	352	3e-59	24	100.00	242
MISC_ORG_gene_00021	FSVKIWA01DLDV6	75	201	381	1	2e-58	127	88.19	242
MISC_ORG_gene_00021	FSVKIWA01B4LC6	1	92	148	423	6e-57	92	96.74	242
MISC_ORG_gene_00021	FSVKIWA01B4LC6	91	119	417	503	6e-57	29	96.55	242
MISC_ORG_gene_00021	FW1K03B02PYR7A	67	191	1	375	6e-57	125	88.80	242
MISC_ORG_gene_00021	FW1K03B01C6MHH	118	240	1	369	3e-55	123	86.18	242
MISC_ORG_gene_00021	FSVKIWA02PGAA2	11	117	322	2	4e-55	107	99.07	242
MISC_ORG_gene_00021	FSVKIWA02SFBLA	43	113	254	466	1e-54	71	100.00	242
MISC_ORG_gene_00021	FSVKIWA02SFBLA	1	48	127	270	1e-54	48	87.50	242
MISC_ORG_gene_00021	FSVKIWA02QTR3H	126	242	386	36	8e-52	117	86.32	242
MISC_ORG_gene_00021	FW1K03B02TMNNB	1	100	180	479	1e-51	100	99.00	242
MISC_ORG_gene_00021	FSVKIWA01CPTDD	145	242	45	338	9e-51	98	97.96	242
MISC_ORG_gene_00021	FSVKIWA01AJ80I	145	242	45	338	9e-51	98	97.96	242
MISC_ORG_gene_00021	FSVKIWA01EMBFG	118	231	392	51	2e-50	114	85.96	242
MISC_ORG_gene_00021	FSVKIWA01EMBFG	232	242	48	16	2e-50	11	90.91	242
MISC_ORG_gene_00021	FSVKIWA02S9CU9	148	240	3	281	4e-48	93	97.85	242
MISC_ORG_gene_00021	FO7ZNVB13XB8BC	188	242	190	26	6e-48	55	96.36	242
MISC_ORG_gene_00021	FO7ZNVB13XB8BC	145	191	320	180	6e-48	47	95.74	242
MISC_ORG_gene_00021	FO7ZNVB13XB8BC	115	130	414	367	6e-48	16	62.50	242
MISC_ORG_gene_00021	FW1K03B01EN5S8	145	228	254	3	4e-46	84	97.62	242
MISC_ORG_gene_00021	FW1K03B01EN5S8	114	130	346	296	4e-46	17	88.24	242
MISC_ORG_gene_00021	FW1K03B01DF881	156	242	3	263	2e-45	87	97.70	242
MISC_ORG_gene_00021	FSVKIWA02Q70QO	108	213	320	3	3e-45	106	85.85	242
MISC_ORG_gene_00021	FW1K03B01BVL71	157	242	1	258	2e-43	86	97.67	242
MISC_ORG_gene_00021	FSVKIWA01B5ZOP	1	86	260	3	1e-42	86	98.84	242
MISC_ORG_gene_00021	FW1K03B02RXGS6	159	242	3	254	2e-42	84	97.62	242
MISC_ORG_gene_00021	FSVKIWA01EL6EU	184	242	362	186	5e-41	59	88.14	242
MISC_ORG_gene_00021	FSVKIWA01EL6EU	151	191	462	340	5e-41	41	82.93	242
MISC_ORG_gene_00021	FW1K03B01ADBHV	9	130	123	488	5e-40	126	73.02	242
MISC_ORG_gene_00021	FW1K03B01ADBHV	1	10	98	127	5e-40	10	90.00	242
MISC_ORG_gene_00021	FSVKIWA01B57GN	184	242	361	185	2e-39	59	89.83	242
MISC_ORG_gene_00021	FSVKIWA01B57GN	158	191	440	339	2e-39	34	94.12	242
MISC_ORG_gene_00021	FW1K03B02QWDLH	1	77	231	1	1e-37	77	98.70	242
MISC_ORG_gene_00021	FJCREYX02HKNR8	145	216	28	243	6e-36	72	98.61	242
MISC_ORG_gene_00021	FSVKIWA02RGJLS	1	75	141	365	7e-36	75	98.67	242
MISC_ORG_gene_00021	FSVKIWA01B4AQF	111	242	407	15	9e-36	132	63.64	242
MISC_ORG_gene_00021	FSVKIWA02RDAFC	1	72	293	508	1e-34	72	98.61	242
MISC_ORG_gene_00021	FJCREYX02FE0G8	145	214	43	252	1e-34	70	98.57	242
MISC_ORG_gene_00021	FSVKIWA02TPU1R	145	242	435	142	5e-33	110	70.91	242
MISC_ORG_gene_00021	FSVKIWA01AMU7B	1	48	259	402	2e-32	48	97.92	242
MISC_ORG_gene_00021	FSVKIWA01AMU7B	50	79	408	497	2e-32	30	100.00	242
MISC_ORG_gene_00021	FJCREYX01DGW0K	176	242	24	224	2e-31	67	95.52	242
MISC_ORG_gene_00021	FSVKIWA02S99DE	179	242	1	192	2e-31	64	96.88	242
MISC_ORG_gene_00021	FSVKIWA02R39MN	178	240	3	191	4e-29	63	95.24	242
MISC_ORG_gene_00021	FSVKIWA01CX2H5	1	61	169	351	8e-29	61	98.36	242
MISC_ORG_gene_00021	FSVKIWA02TLYI3	181	242	11	196	8e-29	62	96.77	242
MISC_ORG_gene_00021	FSVKIWA01DW2LF	180	242	241	53	8e-29	63	95.24	242
MISC_ORG_gene_00021	FSVKIWA02Q513G	184	242	224	48	4e-27	59	94.92	242
MISC_ORG_gene_00021	FSVKIWA01D9DJA	1	55	249	413	6e-27	55	96.36	242
MISC_ORG_gene_00021	FSVKIWA01D9DJA	48	69	389	454	6e-27	22	63.64	242
MISC_ORG_gene_00021	FJCREYX02G0IKZ	188	242	26	190	6e-25	55	96.36	242
MISC_ORG_gene_00021	FJCREYX02G0IKZ	180	191	1	36	6e-25	12	75.00	242
MISC_ORG_gene_00021	FSVKIWA01BOOPS	186	242	223	53	6e-25	57	94.74	242
MISC_ORG_gene_00021	FW1K03B01CFJ4U	188	242	3	167	7e-25	55	96.36	242
MISC_ORG_gene_00021	FSVKIWA02R53O3	206	242	305	195	9e-25	37	97.30	242
MISC_ORG_gene_00021	FSVKIWA02R53O3	181	211	381	289	9e-25	31	80.65	242
MISC_ORG_gene_00021	FW1K03B01C4RMA	1	52	268	423	8e-24	52	98.08	242
MISC_ORG_gene_00021	FW1K03B01DXU8S	1	50	378	527	7e-22	50	98.00	242
MISC_ORG_gene_00021	FW1K03B02TOYJS	3	52	277	426	1e-21	50	98.00	242
MISC_ORG_gene_00021	FSVKIWA01EXME1	196	242	320	180	1e-20	47	97.87	242
MISC_ORG_gene_00021	FSVKIWA02PT1RB	210	242	331	233	7e-20	33	96.97	242
MISC_ORG_gene_00021	FSVKIWA02PT1RB	167	211	461	327	7e-20	45	55.56	242
MISC_ORG_gene_00021	FW1K03B01A9MIM	161	205	135	1	7e-20	45	97.78	242
MISC_ORG_gene_00021	FW1K03B02TOBKV	197	229	1	99	4e-13	33	96.97	242
MISC_ORG_gene_00021	FW1K03B01ENYTE	1	31	362	454	3e-11	31	100.00	242
MISC_ORG_gene_00021	FW1K03B01CN6L8	1	33	351	449	6e-11	33	93.94	242
MISC_ORG_gene_00021	FW1K03B02SGV0M	212	242	421	329	4e-10	31	96.77	242
MISC_ORG_gene_00021	FW1K03B01DC92I	212	242	318	226	5e-10	31	96.77	242
MISC_ORG_gene_00021	FSVKIWA01BHJNH	145	174	459	370	1e-09	30	100.00	242
MISC_ORG_gene_00021	FW1K03B01DLSUN	212	242	318	226	2e-09	31	96.77	242
MISC_ORG_gene_00021	FW1K03B02SHFA5	1	28	85	2	6e-09	28	100.00	242
MISC_ORG_gene_00021	FW1K03B02SIMEE	1	28	85	2	6e-09	28	100.00	242
MISC_ORG_gene_00021	FW1K03B02QJXOL	154	180	1	81	1e-07	27	100.00	242
MISC_ORG_gene_00021	FSVKIWA02SU6P0	1	26	134	211	2e-07	26	100.00	242
MISC_ORG_gene_00400	FO7ZNVB13W2MSC	69	234	3	500	2e-95	166	98.80	492
MISC_ORG_gene_00400	FW1K03B01DRCYA	109	266	3	476	7e-88	158	96.84	492
MISC_ORG_gene_00400	FSVKIWA02TTWZZ	80	248	1	504	4e-87	170	92.94	492
MISC_ORG_gene_00400	FSVKIWA01BD65E	301	456	469	2	3e-86	156	98.08	492
MISC_ORG_gene_00400	FSVKIWA01C6J0O	139	303	3	497	2e-85	165	91.52	492
MISC_ORG_gene_00400	FW1K03B01B8DV1	113	273	486	4	4e-83	161	90.68	492
MISC_ORG_gene_00400	FSVKIWA02P8GQK	121	273	491	33	6e-82	153	94.12	492
MISC_ORG_gene_00400	FW1K03B02P9LDE	64	205	427	2	1e-79	142	98.59	492
MISC_ORG_gene_00400	FW1K03B01BRM1N	64	205	427	2	1e-79	142	98.59	492
MISC_ORG_gene_00400	FSVKIWA01CVKRM	11	158	90	533	3e-79	148	97.97	492
MISC_ORG_gene_00400	FW1K03B01BDMRD	41	183	431	3	3e-78	143	97.20	492
MISC_ORG_gene_00400	FW1K03B01CS3DJ	54	192	418	2	8e-78	139	98.56	492
MISC_ORG_gene_00400	FSVKIWA01CDTD3	22	197	530	3	5e-77	179	83.80	492
MISC_ORG_gene_00400	FSVKIWA01EHEAD	176	317	426	1	1e-76	142	90.85	492
MISC_ORG_gene_00400	FSVKIWA01EHEAD	159	175	476	426	1e-76	17	100.00	492
MISC_ORG_gene_00400	FW1K03B01CJRFV	251	420	4	519	2e-76	172	84.88	492
MISC_ORG_gene_00400	FSVKIWA02SOG3I	127	262	409	2	1e-75	136	97.79	492
MISC_ORG_gene_00400	FSVKIWA01EV3OJ	353	425	293	511	2e-73	73	97.26	492
MISC_ORG_gene_00400	FSVKIWA01EV3OJ	304	353	145	294	2e-73	50	100.00	492
MISC_ORG_gene_00400	FSVKIWA01EV3OJ	257	302	3	140	2e-73	46	71.74	492
MISC_ORG_gene_00400	FO7ZNVB162MUAU	182	325	434	3	3e-71	144	90.97	492
MISC_ORG_gene_00400	FSVKIWA01DYM37	46	175	3	392	3e-70	130	97.69	492
MISC_ORG_gene_00400	FW1K03B02T437E	182	320	1	417	3e-68	139	90.65	492
MISC_ORG_gene_00400	FSVKIWA02TE9Y1	171	306	410	3	2e-67	136	90.44	492
MISC_ORG_gene_00400	FSVKIWA02SHYFB	209	326	1	354	2e-67	118	88.98	492
MISC_ORG_gene_00400	FSVKIWA02SHYFB	334	359	374	451	2e-67	26	100.00	492
MISC_ORG_gene_00400	FSVKIWA02SHYFB	324	334	345	377	2e-67	11	90.91	492
MISC_ORG_gene_00400	FSVKIWA01BEPCV	284	408	376	2	6e-67	125	98.40	492
MISC_ORG_gene_00400	FW1K03B01EIXGM	104	223	2	361	2e-66	120	99.17	492
MISC_ORG_gene_00400	FW1K03B02Q1T04	268	400	401	3	3e-65	133	91.73	492
MISC_ORG_gene_00400	FW1K03B02S3F8T	268	400	401	3	3e-65	133	91.73	492
MISC_ORG_gene_00400	FSVKIWA01EPXDW	353	424	217	2	6e-63	72	97.22	492
MISC_ORG_gene_00400	FSVKIWA01EPXDW	307	353	356	216	6e-63	47	97.87	492
MISC_ORG_gene_00400	FSVKIWA01EPXDW	290	306	408	358	6e-63	17	100.00	492
MISC_ORG_gene_00400	FSVKIWA02QI1S7	59	172	344	3	2e-61	114	98.25	492
MISC_ORG_gene_00400	FSVKIWA01C18XM	51	158	5	328	3e-57	108	98.15	492
MISC_ORG_gene_00400	FW1K03B01EC06B	11	121	57	389	8e-57	111	98.20	492
MISC_ORG_gene_00400	FW1K03B01AWRVS	374	482	327	1	7e-56	109	98.17	492
MISC_ORG_gene_00400	FSVKIWA01DEZ3I	190	306	151	501	7e-55	117	88.89	492
MISC_ORG_gene_00400	FSVKIWA01DEZ3I	141	205	3	197	9e-23	65	76.92	492
MISC_ORG_gene_00400	FW1K03B01ELNTC	220	336	353	3	6e-54	117	87.18	492
MISC_ORG_gene_00400	FSVKIWA02R5R9I	387	492	3	320	6e-54	106	98.11	492
MISC_ORG_gene_00400	FSVKIWA02RUKML	376	474	1	297	1e-50	99	98.99	492
MISC_ORG_gene_00400	FW1K03B02T32RW	396	492	3	293	1e-48	97	97.94	492
MISC_ORG_gene_00400	FO7ZNVB162T5YK	383	492	88	417	4e-47	110	86.36	492
MISC_ORG_gene_00400	FO7ZNVB162T5YK	355	394	3	122	4e-15	40	97.50	492
MISC_ORG_gene_00400	FJCREYX02HNEFR	161	243	251	3	1e-46	83	100.00	492
MISC_ORG_gene_00400	FSVKIWA01AZHJ4	141	229	3	275	6e-46	91	95.60	492
MISC_ORG_gene_00400	FSVKIWA01AZHJ4	220	296	241	471	2e-17	77	57.14	492
MISC_ORG_gene_00400	FW1K03B02S34Y3	49	96	251	394	8e-46	48	89.58	492
MISC_ORG_gene_00400	FW1K03B02S34Y3	11	52	136	261	8e-46	42	95.24	492
MISC_ORG_gene_00400	FW1K03B02S34Y3	92	114	381	449	8e-46	23	100.00	492
MISC_ORG_gene_00400	FJCREYX02H0Z4G	38	127	272	3	8e-46	90	97.78	492
MISC_ORG_gene_00400	FW1K03B02SUH38	11	103	44	322	1e-45	93	97.85	492
MISC_ORG_gene_00400	FJCREYX02H3X5G	60	146	261	1	2e-44	87	98.85	492
MISC_ORG_gene_00400	FJCREYX01CAO1W	127	208	14	259	4e-44	82	98.78	492
MISC_ORG_gene_00400	FJCREYX01C7T9H	377	463	263	3	4e-44	87	98.85	492
MISC_ORG_gene_00400	FSVKIWA02P8EG0	11	182	14	529	5e-44	187	58.82	492
MISC_ORG_gene_00400	FSVKIWA01ETLUJ	46	115	211	2	6e-43	70	97.14	492
MISC_ORG_gene_00400	FSVKIWA01ETLUJ	28	46	266	210	6e-43	19	94.74	492
MISC_ORG_gene_00400	FSVKIWA01ETLUJ	11	27	318	268	6e-43	17	100.00	492
MISC_ORG_gene_00400	FJCREYX02IJRHE	380	464	1	255	6e-43	85	98.82	492
MISC_ORG_gene_00400	FJCREYX02JFPSD	189	273	256	2	2e-42	85	96.47	492
MISC_ORG_gene_00400	FJCREYX02IFY5U	330	413	1	252	3e-42	84	98.81	492
MISC_ORG_gene_00400	FJCREYX01DVYJA	337	419	3	251	6e-41	83	97.59	492
MISC_ORG_gene_00400	FW1K03B02SI3HF	400	472	2	220	5e-40	73	98.63	492
MISC_ORG_gene_00400	FW1K03B02SI3HF	470	489	213	272	5e-40	20	85.00	492
MISC_ORG_gene_00400	FSVKIWA02PWFHU	11	94	252	1	6e-40	84	97.62	492
MISC_ORG_gene_00400	FJCREYX02FY9LI	284	359	22	249	8e-39	76	100.00	492
MISC_ORG_gene_00400	FJCREYX01DBCG8	284	359	22	249	8e-39	76	100.00	492
MISC_ORG_gene_00400	FSVKIWA01BOJHM	51	115	196	2	1e-38	65	98.46	492
MISC_ORG_gene_00400	FSVKIWA01BOJHM	11	51	318	193	1e-38	42	80.95	492
MISC_ORG_gene_00400	FJCREYX01CP02N	284	356	36	254	3e-37	73	100.00	492
MISC_ORG_gene_00400	FJCREYX01D5DDU	262	347	2	259	2e-36	86	87.21	492
MISC_ORG_gene_00400	FSVKIWA01CW0QQ	328	400	3	221	8e-36	73	98.63	492
MISC_ORG_gene_00400	FSVKIWA02PTPKQ	358	434	318	88	1e-34	77	90.91	492
MISC_ORG_gene_00400	FSVKIWA02PTPKQ	423	462	122	3	2e-13	40	85.00	492
MISC_ORG_gene_00400	FW1K03B01A26G9	223	264	93	218	1e-33	42	95.24	492
MISC_ORG_gene_00400	FW1K03B01A26G9	192	228	1	111	1e-33	37	86.49	492
MISC_ORG_gene_00400	FW1K03B01A26G9	264	273	215	244	1e-33	10	80.00	492
MISC_ORG_gene_00400	FW1K03B01DYOVK	212	264	1	159	2e-33	53	96.23	492
MISC_ORG_gene_00400	FW1K03B01DYOVK	264	301	156	269	2e-33	38	68.42	492
MISC_ORG_gene_00400	FW1K03B02R3HZ2	221	295	57	281	2e-33	75	74.67	492
MISC_ORG_gene_00400	FW1K03B02R3HZ2	202	228	1	81	2e-33	27	81.48	492
MISC_ORG_gene_00400	FW1K03B02S5VIY	285	334	1	150	2e-31	50	100.00	492
MISC_ORG_gene_00400	FW1K03B02S5VIY	331	355	140	214	2e-31	25	88.00	492
MISC_ORG_gene_00400	FW1K03B01CS9C4	264	328	197	3	2e-30	65	81.54	492
MISC_ORG_gene_00400	FW1K03B01CS9C4	242	264	262	194	2e-30	23	91.30	492
MISC_ORG_gene_00400	FSVKIWA01BLQ8K	46	129	4	255	6e-30	84	76.19	492
MISC_ORG_gene_00400	FSVKIWA01BLQ8K	110	136	198	278	8e-08	27	100.00	492
MISC_ORG_gene_00400	FJCREYX01A1XDJ	11	52	61	186	8e-28	42	95.24	492
MISC_ORG_gene_00400	FJCREYX01A1XDJ	49	79	176	268	8e-28	31	93.55	492
MISC_ORG_gene_00400	FSVKIWA02SQ7Q0	11	67	93	266	6e-27	58	93.10	492
MISC_ORG_gene_00400	FSVKIWA02SQ7Q0	67	82	265	312	6e-27	16	87.50	492
MISC_ORG_gene_00400	FSVKIWA02SQ7Q0	79	92	302	343	6e-27	14	71.43	492
MISC_ORG_gene_00400	FSVKIWA01D0I1A	163	223	186	1	1e-25	62	87.10	492
MISC_ORG_gene_00400	FSVKIWA01D8D4H	147	198	157	2	5e-25	52	96.15	492
MISC_ORG_gene_00400	FJCREYX01EGZ4T	11	46	76	183	5e-25	36	100.00	492
MISC_ORG_gene_00400	FJCREYX01EGZ4T	48	76	188	274	5e-25	29	100.00	492
MISC_ORG_gene_00400	FSVKIWA02S2GPV	423	462	122	3	5e-24	40	85.00	492
MISC_ORG_gene_00400	FSVKIWA02S2GPV	358	399	319	194	5e-24	42	66.67	492
MISC_ORG_gene_00400	FSVKIWA02S2GPV	383	434	243	88	2e-19	52	86.54	492
MISC_ORG_gene_00400	FSVKIWA02TM51I	51	120	133	345	8e-24	71	78.87	492
MISC_ORG_gene_00400	FSVKIWA02TM51I	11	107	14	307	6e-16	108	50.93	492
MISC_ORG_gene_00400	FSVKIWA01AQO44	398	449	1	156	2e-23	52	98.08	492
MISC_ORG_gene_00400	FSVKIWA02RNI2M	284	334	7	159	7e-23	51	100.00	492
MISC_ORG_gene_00400	FW1K03B01ETBMT	394	471	492	259	1e-22	78	57.69	492
MISC_ORG_gene_00400	FW1K03B01ETBMT	470	492	263	195	1e-22	23	91.30	492
MISC_ORG_gene_00400	FJCREYX01AOMN1	370	420	1	153	8e-22	51	98.04	492
MISC_ORG_gene_00400	FSVKIWA01D0CZ8	149	190	127	2	4e-20	42	100.00	492
MISC_ORG_gene_00400	FW1K03B01AOU5L	334	380	141	1	4e-20	47	97.87	492
MISC_ORG_gene_00400	FW1K03B01DP131	79	121	1	129	2e-18	43	100.00	492
MISC_ORG_gene_00400	FSVKIWA02RL566	448	492	2	136	3e-17	45	97.78	492
MISC_ORG_gene_00400	FSVKIWA02PMGW5	448	492	2	136	3e-17	45	97.78	492
MISC_ORG_gene_00400	FSVKIWA02T0NGH	284	379	294	1	2e-16	100	58.00	492
MISC_ORG_gene_00400	FSVKIWA01EVUGW	317	359	103	231	3e-16	43	93.02	492
MISC_ORG_gene_00400	FSVKIWA01EVUGW	286	327	9	134	2e-10	42	78.57	492
MISC_ORG_gene_00400	FSVKIWA02RVTUI	389	420	10	105	2e-15	32	71.88	492
MISC_ORG_gene_00400	FSVKIWA02RVTUI	435	451	150	200	2e-15	17	94.12	492
MISC_ORG_gene_00400	FSVKIWA02RVTUI	418	435	98	151	2e-15	18	77.78	492
MISC_ORG_gene_00400	FSVKIWA02RY3IR	429	462	104	3	2e-12	34	100.00	492
MISC_ORG_gene_00400	FW1K03B01C7BQR	350	468	59	430	6e-08	124	34.68	492
MISC_ORG_gene_00400	FW1K03B01DCKFB	350	468	380	9	4e-07	124	34.68	492
MISC_ORG_gene_00400	FSVKIWA01A9OJV	359	468	368	24	7e-07	115	35.65	492
MISC_ORG_gene_00400	FSVKIWA02S8HYT	222	243	1	66	9e-07	22	100.00	492
MISC_ORG_gene_00400	FW1K03B01C4YWL	212	233	1	66	4e-06	22	100.00	492
MISC_ORG_gene_00400	FW1K03B02STER9	361	448	211	474	1e-05	88	34.09	492
MISC_ORG_gene_00539	FW1K03B01AWCT1	79	255	2	532	3e-101	177	99.44	611
MISC_ORG_gene_00539	FSVKIWA01CS2YN	130	303	2	523	9e-99	174	98.85	611
MISC_ORG_gene_00539	FO7ZNVB13W88W1	224	391	2	505	2e-95	168	100.00	611
MISC_ORG_gene_00539	FW1K03B02TFJ97	98	263	498	1	7e-95	166	99.40	611
MISC_ORG_gene_00539	FW1K03B01AP0WQ	1	169	6	512	2e-94	169	98.82	611
MISC_ORG_gene_00539	FSVKIWA01CV5KK	327	466	420	1	3e-94	140	100.00	611
MISC_ORG_gene_00539	FSVKIWA01CV5KK	293	326	521	420	3e-94	34	100.00	611
MISC_ORG_gene_00539	FW1K03B01AUB81	1	165	6	500	2e-93	165	100.00	611
MISC_ORG_gene_00539	FW1K03B01CRP89	223	386	493	2	8e-93	164	100.00	611
MISC_ORG_gene_00539	FW1K03B02Q97N0	386	562	3	533	3e-92	177	90.96	611
MISC_ORG_gene_00539	FSVKIWA01B3S1P	127	288	38	526	3e-92	163	96.93	611
MISC_ORG_gene_00539	FSVKIWA01B3S1P	115	127	3	41	3e-92	13	100.00	611
MISC_ORG_gene_00539	FSVKIWA01B3S1P	286	297	519	554	3e-92	12	83.33	611
MISC_ORG_gene_00539	FSVKIWA01C0EDM	177	286	1	330	6e-92	110	97.27	611
MISC_ORG_gene_00539	FSVKIWA01C0EDM	286	350	330	524	6e-92	65	98.46	611
MISC_ORG_gene_00539	FW1K03B01AJJI0	297	457	483	1	5e-91	161	100.00	611
MISC_ORG_gene_00539	FW1K03B01B3AS5	297	457	483	1	5e-91	161	100.00	611
MISC_ORG_gene_00539	FW1K03B01EH64N	157	286	3	392	5e-91	130	99.23	611
MISC_ORG_gene_00539	FW1K03B01EH64N	286	324	391	507	5e-91	39	100.00	611
MISC_ORG_gene_00539	FW1K03B01DATAI	115	273	477	1	1e-90	159	99.37	611
MISC_ORG_gene_00539	FW1K03B02PKXOX	166	303	415	2	2e-89	138	98.55	611
MISC_ORG_gene_00539	FW1K03B02PKXOX	140	169	492	403	2e-89	30	96.67	611
MISC_ORG_gene_00539	FW1K03B01BDM1E	348	521	1	522	6e-88	174	90.80	611
MISC_ORG_gene_00539	FSVKIWA01BAV9I	82	235	3	464	1e-86	154	99.35	611
MISC_ORG_gene_00539	FW1K03B01CUCKQ	149	301	459	1	1e-86	153	99.35	611
MISC_ORG_gene_00539	FW1K03B01BMDD5	281	439	479	3	2e-86	159	94.34	611
MISC_ORG_gene_00539	FW1K03B01BMDD5	268	280	517	479	2e-86	13	100.00	611
MISC_ORG_gene_00539	FW1K03B02PWYD3	200	347	445	2	3e-84	148	100.00	611
MISC_ORG_gene_00539	FSVKIWA01BD8QU	285	434	452	3	1e-83	150	100.00	611
MISC_ORG_gene_00539	FW1K03B02RNRST	445	611	505	5	2e-83	167	88.62	611
MISC_ORG_gene_00539	FO7ZNVB13W5CS2	206	343	414	1	6e-83	138	100.00	611
MISC_ORG_gene_00539	FO7ZNVB13W5CS2	191	211	460	398	6e-83	21	76.19	611
MISC_ORG_gene_00539	FSVKIWA01EHSYL	82	200	3	359	4e-81	119	99.16	611
MISC_ORG_gene_00539	FSVKIWA01EHSYL	195	233	343	459	4e-81	39	87.18	611
MISC_ORG_gene_00539	FW1K03B01CHJHI	263	408	457	20	5e-81	146	100.00	611
MISC_ORG_gene_00539	FSVKIWA02P5TMF	7	153	443	3	5e-81	147	100.00	611
MISC_ORG_gene_00539	FW1K03B01C549J	234	376	1	429	4e-80	143	100.00	611
MISC_ORG_gene_00539	FSVKIWA01DRYZL	302	434	401	3	2e-77	133	99.25	611
MISC_ORG_gene_00539	FSVKIWA01DRYZL	286	302	448	398	2e-77	17	100.00	611
MISC_ORG_gene_00539	FO7ZNVB13XAHQJ	169	286	3	356	4e-75	118	99.15	611
MISC_ORG_gene_00539	FO7ZNVB13XAHQJ	303	330	404	487	4e-75	28	89.29	611
MISC_ORG_gene_00539	FW1K03B02R9DYI	336	412	430	200	5e-75	77	100.00	611
MISC_ORG_gene_00539	FW1K03B02R9DYI	412	475	201	10	5e-75	64	100.00	611
MISC_ORG_gene_00539	FSVKIWA01BM3CU	1	134	100	501	1e-74	134	100.00	611
MISC_ORG_gene_00539	FSVKIWA01DQUSO	319	452	403	2	1e-74	134	100.00	611
MISC_ORG_gene_00539	FW1K03B01D4OOW	228	328	86	388	1e-74	101	94.06	611
MISC_ORG_gene_00539	FW1K03B01D4OOW	200	234	3	107	1e-74	35	100.00	611
MISC_ORG_gene_00539	FW1K03B01D4OOW	329	348	388	447	1e-74	20	100.00	611
MISC_ORG_gene_00539	FSVKIWA01EWR2W	339	470	398	3	7e-74	132	100.00	611
MISC_ORG_gene_00539	FSVKIWA01AW2ZI	339	470	398	3	7e-74	132	100.00	611
MISC_ORG_gene_00539	FW1K03B01C423S	165	277	341	3	6e-73	113	98.23	611
MISC_ORG_gene_00539	FW1K03B01C423S	140	167	417	334	6e-73	28	100.00	611
MISC_ORG_gene_00539	FSVKIWA01D434T	334	463	1	390	8e-73	130	100.00	611
MISC_ORG_gene_00539	FSVKIWA01C140K	281	412	2	397	2e-72	132	100.00	611
MISC_ORG_gene_00539	FW1K03B01DWFFB	348	475	1	384	3e-71	128	100.00	611
MISC_ORG_gene_00539	FW1K03B02TBSHC	229	356	1	384	3e-71	128	100.00	611
MISC_ORG_gene_00539	FW1K03B02TPVHK	234	361	1	384	8e-71	128	100.00	611
MISC_ORG_gene_00539	FSVKIWA01C88TP	273	401	387	1	1e-70	129	100.00	611
MISC_ORG_gene_00539	FW1K03B01B6C25	169	234	3	200	1e-69	66	98.48	611
MISC_ORG_gene_00539	FW1K03B01B6C25	228	299	179	394	1e-69	72	94.44	611
MISC_ORG_gene_00539	FSVKIWA01EGH7L	177	349	1	519	1e-69	178	77.53	611
MISC_ORG_gene_00539	FW1K03B02P6CH3	18	144	9	389	9e-69	127	100.00	611
MISC_ORG_gene_00539	FW1K03B01BEAJ1	337	458	366	1	3e-67	122	100.00	611
MISC_ORG_gene_00539	FSVKIWA01EG1GH	492	609	24	377	1e-66	118	100.00	611
MISC_ORG_gene_00539	FW1K03B01C56LM	492	606	40	384	3e-65	115	100.00	611
MISC_ORG_gene_00539	FSVKIWA01DZSV8	186	303	1	354	4e-65	118	99.15	611
MISC_ORG_gene_00539	FW1K03B01CREL1	499	611	1	339	4e-65	113	100.00	611
MISC_ORG_gene_00539	FSVKIWA01EA87U	342	459	1	354	1e-64	118	100.00	611
MISC_ORG_gene_00539	FSVKIWA01CQS5C	286	392	321	1	1e-62	107	100.00	611
MISC_ORG_gene_00539	FSVKIWA01CQS5C	270	286	370	320	1e-62	17	94.12	611
MISC_ORG_gene_00539	FW1K03B01CB8A8	1	112	75	410	4e-60	112	100.00	611
MISC_ORG_gene_00539	FW1K03B02Q14KM	446	570	377	3	8e-60	125	87.20	611
MISC_ORG_gene_00539	FSVKIWA01DLQ0H	366	475	358	29	8e-60	110	99.09	611
MISC_ORG_gene_00539	FSVKIWA01DLQ0H	326	386	479	300	6e-18	61	75.41	611
MISC_ORG_gene_00539	FSVKIWA02PQ6DQ	368	475	342	19	2e-59	108	76.85	611
MISC_ORG_gene_00539	FSVKIWA02PQ6DQ	330	367	455	342	2e-59	38	100.00	611
MISC_ORG_gene_00539	FW1K03B02T5ZN1	500	601	354	49	4e-59	102	100.00	611
MISC_ORG_gene_00539	FSVKIWA02RWZRT	317	425	328	2	9e-58	109	100.00	611
MISC_ORG_gene_00539	FSVKIWA02P21BU	119	225	26	346	1e-57	107	92.52	611
MISC_ORG_gene_00539	FSVKIWA02P21BU	111	127	1	51	1e-57	17	88.24	611
MISC_ORG_gene_00539	FW1K03B02QBQEJ	526	596	213	1	5e-57	71	98.59	611
MISC_ORG_gene_00539	FW1K03B02QBQEJ	492	528	316	206	5e-57	37	100.00	611
MISC_ORG_gene_00539	FSVKIWA01DLG1T	336	435	36	335	1e-55	100	100.00	611
MISC_ORG_gene_00539	FSVKIWA01DLG1T	324	336	1	39	1e-55	13	100.00	611
MISC_ORG_gene_00539	FSVKIWA02QF61O	501	598	295	2	5e-55	98	96.94	611
MISC_ORG_gene_00539	FO7ZNVB13W2PMR	194	286	80	358	6e-55	93	96.77	611
MISC_ORG_gene_00539	FO7ZNVB13W2PMR	176	195	25	84	6e-55	20	95.00	611
MISC_ORG_gene_00539	FW1K03B01DF4OJ	517	611	3	287	1e-54	95	100.00	611
MISC_ORG_gene_00539	FW1K03B02P32FX	147	247	3	305	2e-54	101	99.01	611
MISC_ORG_gene_00539	FW1K03B02R0MB9	380	437	176	3	9e-54	58	100.00	611
MISC_ORG_gene_00539	FW1K03B02R0MB9	324	361	346	233	9e-54	38	94.74	611
MISC_ORG_gene_00539	FW1K03B02R0MB9	360	380	237	175	9e-54	21	100.00	611
MISC_ORG_gene_00539	FW1K03B02QUGFQ	459	551	88	366	3e-53	93	81.72	611
MISC_ORG_gene_00539	FW1K03B02QUGFQ	430	460	2	94	3e-53	31	96.77	611
MISC_ORG_gene_00539	FSVKIWA02SY5I8	349	407	261	85	1e-52	59	89.83	611
MISC_ORG_gene_00539	FSVKIWA02SY5I8	302	348	403	263	1e-52	47	93.62	611
MISC_ORG_gene_00539	FSVKIWA02SY5I8	285	305	455	393	1e-52	21	100.00	611
MISC_ORG_gene_00539	FSVKIWA02SY5I8	393	434	128	3	4e-14	42	85.71	611
MISC_ORG_gene_00539	FJCREYX02HRUPN	78	172	3	287	2e-50	95	100.00	611
MISC_ORG_gene_00539	FW1K03B02P4GX2	338	460	522	154	3e-50	123	78.05	611
MISC_ORG_gene_00539	FW1K03B02P4GX2	351	510	482	3	5e-23	180	45.00	611
MISC_ORG_gene_00539	FJCREYX02HLPF5	87	181	3	287	4e-50	95	98.95	611
MISC_ORG_gene_00539	FW1K03B01A4WIM	346	439	283	2	3e-49	94	100.00	611
MISC_ORG_gene_00539	FJCREYX01B1DBI	104	197	282	1	3e-49	94	98.94	611
MISC_ORG_gene_00539	FSVKIWA01CAZOS	525	611	427	167	4e-49	87	100.00	611
MISC_ORG_gene_00539	FSVKIWA01A548X	282	360	237	1	9e-49	79	100.00	611
MISC_ORG_gene_00539	FSVKIWA01A548X	250	271	335	270	9e-49	22	86.36	611
MISC_ORG_gene_00539	FSVKIWA01A548X	268	280	280	242	9e-49	13	100.00	611
MISC_ORG_gene_00539	FJCREYX01BM147	164	254	274	2	2e-48	91	98.90	611
MISC_ORG_gene_00539	FJCREYX01EMQDP	127	218	276	1	2e-48	92	98.91	611
MISC_ORG_gene_00539	FSVKIWA02QPB0Y	1	93	280	2	3e-48	93	100.00	611
MISC_ORG_gene_00539	FSVKIWA02P22WG	428	505	234	1	5e-48	78	79.49	611
MISC_ORG_gene_00539	FSVKIWA02P22WG	382	412	374	282	5e-48	31	100.00	611
MISC_ORG_gene_00539	FSVKIWA02P22WG	412	429	283	230	5e-48	18	94.44	611
MISC_ORG_gene_00539	FJCREYX01CHHWO	23	115	281	3	1e-47	93	100.00	611
MISC_ORG_gene_00539	FJCREYX02I09ZR	71	160	272	3	1e-47	90	100.00	611
MISC_ORG_gene_00539	FJCREYX02HBFOD	164	234	273	61	5e-47	71	98.59	611
MISC_ORG_gene_00539	FJCREYX02HBFOD	233	254	67	2	5e-47	22	100.00	611
MISC_ORG_gene_00539	FJCREYX02I658A	148	237	3	272	1e-46	90	97.78	611
MISC_ORG_gene_00539	FJCREYX01DUIYX	23	112	272	3	9e-46	90	100.00	611
MISC_ORG_gene_00539	FSVKIWA02TL9DY	18	96	237	1	2e-45	79	100.00	611
MISC_ORG_gene_00539	FSVKIWA02TL9DY	1	19	289	233	2e-45	19	94.74	611
MISC_ORG_gene_00539	FJCREYX01BROYO	158	243	3	260	2e-45	86	98.84	611
MISC_ORG_gene_00539	FW1K03B01CP6DU	427	596	510	1	2e-44	174	53.45	611
MISC_ORG_gene_00539	FJCREYX01A5RHY	222	304	3	251	6e-43	83	100.00	611
MISC_ORG_gene_00539	FJCREYX02HG3DV	289	370	246	1	5e-42	82	100.00	611
MISC_ORG_gene_00539	FJCREYX02GGS7V	340	422	2	250	1e-41	83	100.00	611
MISC_ORG_gene_00539	FJCREYX01B3M0S	492	566	225	1	1e-40	75	100.00	611
MISC_ORG_gene_00539	FSVKIWA01CYCRN	535	611	306	76	2e-40	77	100.00	611
MISC_ORG_gene_00539	FJCREYX01D38RA	311	389	239	3	5e-40	79	100.00	611
MISC_ORG_gene_00539	FSVKIWA01AKKBQ	1	78	234	1	1e-39	78	100.00	611
MISC_ORG_gene_00539	FJCREYX02G6U0R	320	397	235	2	2e-39	78	100.00	611
MISC_ORG_gene_00539	FW1K03B02S8Y9D	448	530	375	127	2e-39	83	63.86	611
MISC_ORG_gene_00539	FW1K03B02S8Y9D	526	563	139	26	2e-39	38	92.11	611
MISC_ORG_gene_00539	FW1K03B02QPHN7	538	611	3	224	2e-38	74	100.00	611
MISC_ORG_gene_00539	FSVKIWA01BR2DN	542	611	481	272	6e-38	70	97.14	611
MISC_ORG_gene_00539	FSVKIWA01BR2DN	533	542	507	478	6e-38	10	100.00	611
MISC_ORG_gene_00539	FW1K03B01AHHUJ	1	75	266	490	4e-37	75	100.00	611
MISC_ORG_gene_00539	FSVKIWA01BOWEU	213	302	314	42	8e-36	91	83.52	611
MISC_ORG_gene_00539	FSVKIWA02TNHJ5	517	579	278	466	6e-35	63	98.41	611
MISC_ORG_gene_00539	FSVKIWA02TNHJ5	432	528	16	312	4e-29	99	68.69	611
MISC_ORG_gene_00539	FSVKIWA02P2Q0R	302	379	234	1	3e-34	78	83.33	611
MISC_ORG_gene_00539	FSVKIWA02P2Q0R	286	303	283	230	3e-34	18	94.44	611
MISC_ORG_gene_00539	FSVKIWA02QHL80	203	298	266	3	3e-33	96	76.04	611
MISC_ORG_gene_00539	FSVKIWA02QHL80	185	238	345	184	2e-23	54	92.59	611
MISC_ORG_gene_00539	FJCREYX01EACHD	344	409	28	225	2e-31	66	100.00	611
MISC_ORG_gene_00539	FSVKIWA02QC5QH	526	588	79	267	6e-29	63	90.48	611
MISC_ORG_gene_00539	FSVKIWA02QC5QH	501	537	3	134	5e-13	44	79.55	611
MISC_ORG_gene_00539	FSVKIWA02RI7YO	365	409	2	136	2e-26	45	100.00	611
MISC_ORG_gene_00539	FSVKIWA02RI7YO	412	432	145	207	2e-26	21	85.71	611
MISC_ORG_gene_00539	FSVKIWA02RI7YO	431	441	204	236	2e-26	11	100.00	611
MISC_ORG_gene_00539	FSVKIWA02SC1PG	492	553	59	244	6e-24	62	79.03	611
MISC_ORG_gene_00539	FJCREYX01CS4K7	126	176	3	155	4e-23	51	98.04	611
MISC_ORG_gene_00539	FJCREYX01CS4K7	165	215	121	273	2e-16	51	82.35	611
MISC_ORG_gene_00539	FW1K03B02PIDWV	234	283	1	150	1e-22	50	100.00	611
MISC_ORG_gene_00539	FW1K03B02QKXTQ	1	49	305	451	2e-21	49	100.00	611
MISC_ORG_gene_00539	FSVKIWA01EHF7Q	566	611	408	271	7e-21	46	100.00	611
MISC_ORG_gene_00539	FJCREYX02H5IGE	568	611	271	140	1e-19	44	100.00	611
MISC_ORG_gene_00539	FJCREYX02FI9H0	126	167	3	128	2e-18	42	100.00	611
MISC_ORG_gene_00539	FSVKIWA02RY9WR	88	128	2	124	2e-16	41	97.56	611
MISC_ORG_gene_00539	FSVKIWA01CMPM8	573	611	294	178	5e-16	39	100.00	611
MISC_ORG_gene_00539	FSVKIWA02QDC89	38	77	122	3	1e-15	40	100.00	611
MISC_ORG_gene_00539	FW1K03B02QI7AM	325	454	402	25	4e-15	131	35.88	611
MISC_ORG_gene_00539	FW1K03B01EOMK9	334	454	17	364	2e-14	121	35.54	611
MISC_ORG_gene_00539	FW1K03B01CPGTO	334	454	17	364	2e-14	121	35.54	611
MISC_ORG_gene_00539	FSVKIWA01CSAPB	329	454	1	366	4e-14	127	35.43	611
MISC_ORG_gene_00539	FSVKIWA02TD5GR	292	453	1	459	2e-12	163	30.06	611
MISC_ORG_gene_00539	FW1K03B01CNSY9	227	383	477	7	2e-12	161	29.81	611
MISC_ORG_gene_00539	FW1K03B02SN8O0	225	383	1	477	3e-12	163	30.06	611
MISC_ORG_gene_00539	FSVKIWA01DFIA7	1	33	239	337	4e-12	33	100.00	611
MISC_ORG_gene_00539	FW1K03B02P2LCB	302	446	428	12	5e-12	146	30.82	611
MISC_ORG_gene_00539	FW1K03B01CEZVQ	297	402	309	4	2e-11	107	39.25	611
MISC_ORG_gene_00539	FSVKIWA02QEGL8	38	68	123	31	2e-11	31	100.00	611
MISC_ORG_gene_00539	FSVKIWA02QEGL8	69	77	29	3	2e-11	9	100.00	611
MISC_ORG_gene_00539	FSVKIWA01BHJ8Z	300	342	3	134	3e-11	44	77.27	611
MISC_ORG_gene_00539	FSVKIWA01CBF1T	301	387	271	8	8e-11	88	40.91	611
MISC_ORG_gene_00539	FSVKIWA01EDRO1	325	420	324	49	9e-11	97	39.18	611
MISC_ORG_gene_00539	FW1K03B02Q3OMY	301	387	284	21	1e-10	88	40.91	611
MISC_ORG_gene_00539	FW1K03B02PTAWF	326	420	335	63	1e-10	96	39.58	611
MISC_ORG_gene_00539	FSVKIWA02S8R6I	292	442	1	426	1e-10	152	29.61	611
MISC_ORG_gene_00539	FSVKIWA02TO3IS	107	153	143	3	2e-10	47	70.21	611
MISC_ORG_gene_00539	FW1K03B01EWXK2	311	413	5	301	4e-10	104	37.50	611
MISC_ORG_gene_00539	FW1K03B01ES1LP	234	383	456	7	1e-09	154	29.22	611
MISC_ORG_gene_00539	FW1K03B01CB80Y	302	421	2	343	3e-09	121	32.23	611
MISC_ORG_gene_00539	FW1K03B01B2PD6	302	421	2	343	3e-09	121	32.23	611
MISC_ORG_gene_00539	FSVKIWA02TA9VP	292	421	1	363	4e-09	131	32.06	611
MISC_ORG_gene_00539	FW1K03B01DJKHL	312	435	354	1	5e-09	125	31.20	611
MISC_ORG_gene_00539	FSVKIWA02SKI1G	292	415	1	345	6e-09	125	32.80	611
MISC_ORG_gene_00539	FSVKIWA01BYF74	268	408	49	441	9e-09	142	30.28	611
MISC_ORG_gene_00539	FSVKIWA01BYXQZ	367	392	78	1	9e-09	26	100.00	611
MISC_ORG_gene_00539	FW1K03B02S6KFR	312	421	489	178	1e-08	111	34.23	611
MISC_ORG_gene_00539	FW1K03B01AXV5Y	268	405	389	6	3e-08	139	30.22	611
MISC_ORG_gene_00539	FW1K03B01A2LQ5	1	26	262	339	5e-08	26	100.00	611
MISC_ORG_gene_00539	FSVKIWA02SFDHY	348	510	7	459	6e-08	163	26.99	611
MISC_ORG_gene_00539	FW1K03B02SAGED	362	529	7	492	7e-08	170	25.88	611
MISC_ORG_gene_00539	FW1K03B01B1OZ1	245	380	412	5	1e-07	140	29.29	611
MISC_ORG_gene_00539	FW1K03B02PO6A1	362	454	7	270	1e-07	93	33.33	611
MISC_ORG_gene_00539	FW1K03B02PV1EM	362	454	7	270	1e-07	93	33.33	611
MISC_ORG_gene_00539	FW1K03B02S03NV	327	421	1	267	1e-07	96	34.38	611
MISC_ORG_gene_00539	FW1K03B02QBQ9P	326	387	209	21	2e-07	63	46.03	611
MISC_ORG_gene_00539	FW1K03B01DVB3H	348	505	438	1	2e-07	158	27.22	611
MISC_ORG_gene_00539	FSVKIWA01BN52F	219	365	454	11	2e-07	159	28.93	611
MISC_ORG_gene_00539	FW1K03B02SSGXO	219	365	23	466	2e-07	159	28.93	611
MISC_ORG_gene_00539	FW1K03B01AUUA0	237	364	385	2	5e-07	132	28.79	611
MISC_ORG_gene_00539	FSVKIWA01AVYLG	301	451	445	2	5e-07	154	29.22	611
MISC_ORG_gene_00539	FSVKIWA01CQ6D3	347	420	239	33	8e-07	74	39.19	611
MISC_ORG_gene_00539	FW1K03B01CKPLX	368	454	12	257	9e-07	87	33.33	611
MISC_ORG_gene_00539	FW1K03B01A8LW1	368	454	12	257	1e-06	87	33.33	611
MISC_ORG_gene_00539	FW1K03B01C40QX	256	388	61	426	1e-06	136	30.15	611
MISC_ORG_gene_00539	FSVKIWA02QXQ55	256	388	7	372	1e-06	136	30.15	611
MISC_ORG_gene_00539	FW1K03B01DA75J	268	380	332	3	2e-06	114	28.95	611
MISC_ORG_gene_00539	FW1K03B01BVFU6	256	385	357	1	2e-06	133	30.83	611
MISC_ORG_gene_00539	FW1K03B01DP50A	256	423	484	23	2e-06	171	28.65	611
MISC_ORG_gene_00539	FW1K03B02Q34D1	569	590	68	3	2e-06	22	100.00	611
MISC_ORG_gene_00539	FSVKIWA02PYK8L	221	388	478	11	2e-06	172	29.07	611
MISC_ORG_gene_00539	FSVKIWA02SFLMY	256	388	375	10	2e-06	136	30.15	611
MISC_ORG_gene_00539	FSVKIWA01DT0KP	301	448	437	3	2e-06	151	29.14	611
MISC_ORG_gene_00539	FW1K03B02P40JY	256	400	414	22	2e-06	148	31.08	611
MISC_ORG_gene_00539	FW1K03B01EF1OB	256	385	360	4	3e-06	133	30.83	611
MISC_ORG_gene_00539	FW1K03B02TG9OO	304	451	460	26	3e-06	151	29.14	611
MISC_ORG_gene_00539	FW1K03B01C7XMV	268	380	334	5	3e-06	114	28.95	611
MISC_ORG_gene_00539	FSVKIWA01CXFLD	256	400	36	428	4e-06	145	28.97	611
MISC_ORG_gene_00539	FW1K03B01DBBPK	256	413	442	11	4e-06	161	29.81	611
MISC_ORG_gene_00539	FW1K03B01BJIOX	300	378	241	2	4e-06	80	36.25	611
MISC_ORG_gene_00539	FW1K03B02S0CZW	256	388	414	49	4e-06	136	30.15	611
MISC_ORG_gene_00539	FSVKIWA01B2ERV	256	388	451	86	4e-06	136	30.15	611
MISC_ORG_gene_00539	FW1K03B01CMJSM	360	510	451	35	9e-06	151	26.49	611
MISC_ORG_gene_00771	FSVKIWA02QD648	27	147	386	24	3e-65	121	97.52	147
MISC_ORG_gene_00771	FSVKIWA01EIENL	38	145	324	1	3e-60	108	91.67	147
MISC_ORG_gene_00771	FSVKIWA01EIENL	24	43	364	305	3e-60	20	100.00	147
MISC_ORG_gene_00771	FSVKIWA02SCF4J	37	147	410	78	1e-54	111	91.89	147
MISC_ORG_gene_00771	FSVKIWA01CQKLI	37	147	356	24	2e-54	111	91.89	147
MISC_ORG_gene_00771	FSVKIWA01CBUTX	37	145	327	1	5e-54	109	91.74	147
MISC_ORG_gene_00771	FW1K03B02R5A0M	55	147	381	103	1e-49	93	98.92	147
MISC_ORG_gene_00771	FW1K03B01ERPHI	7	123	76	426	8e-38	117	67.52	147
MISC_ORG_gene_00771	FW1K03B01ERPHI	1	12	57	92	8e-38	12	75.00	147
MISC_ORG_gene_00771	FW1K03B02TXR7K	37	110	222	1	2e-32	74	87.84	147
MISC_ORG_gene_00771	FW1K03B02TXR7K	1	47	329	189	5e-19	47	97.87	147
MISC_ORG_gene_00771	FW1K03B01A1SWO	37	107	215	3	3e-30	71	87.32	147
MISC_ORG_gene_00771	FW1K03B01A1SWO	1	47	322	182	5e-19	47	97.87	147
MISC_ORG_gene_00771	FW1K03B01BZRYB	37	107	215	3	3e-30	71	87.32	147
MISC_ORG_gene_00771	FW1K03B01BZRYB	1	47	322	182	5e-19	47	97.87	147
MISC_ORG_gene_00771	FW1K03B01DMC5I	37	107	215	3	3e-30	71	87.32	147
MISC_ORG_gene_00771	FW1K03B01DMC5I	1	47	322	182	5e-19	47	97.87	147
MISC_ORG_gene_00771	FJCREYX01EHKCC	37	95	85	261	1e-22	59	84.75	147
MISC_ORG_gene_00771	FJCREYX01EHKCC	9	47	2	118	6e-14	39	97.44	147
MISC_ORG_gene_00771	FW1K03B01CQK6X	1	93	229	507	5e-21	97	61.86	147
MISC_ORG_gene_00771	FW1K03B01CQK6X	37	100	336	527	2e-20	64	73.44	147
MISC_ORG_gene_00771	FW1K03B02P33SX	1	47	255	395	4e-19	47	97.87	147
MISC_ORG_gene_00771	FSVKIWA02TRFXA	1	47	159	19	4e-19	47	97.87	147
MISC_ORG_gene_00771	FSVKIWA02RXO82	1	47	159	19	4e-19	47	97.87	147
MISC_ORG_gene_00771	FSVKIWA02RR5M2	1	47	159	19	4e-19	47	97.87	147
MISC_ORG_gene_00771	FW1K03B02PH659	1	47	163	23	5e-19	47	97.87	147
MISC_ORG_gene_00771	FJCREYX01EJH4N	83	126	257	126	6e-19	44	100.00	147
MISC_ORG_gene_00771	FJCREYX01EJH4N	107	147	184	62	4e-06	41	56.10	147
MISC_ORG_gene_00771	FW1K03B01B7HWV	78	107	92	3	4e-11	30	100.00	147
MISC_ORG_gene_00771	FO7ZNVB14YXMRZ	119	147	3	89	6e-10	29	100.00	147
MISC_ORG_gene_00771	FJCREYX02I1UVB	37	72	85	192	2e-08	36	75.00	147
MISC_ORG_gene_00771	FJCREYX02I1UVB	9	47	2	118	9e-07	39	69.23	147
MISC_ORG_gene_00771	FSVKIWA01AHUKT	107	131	431	357	4e-07	25	100.00	147
MISC_ORG_gene_00771	FW1K03B01CXEC3	1	35	315	419	4e-06	35	68.57	147
MISC_ORG_gene_00772	FW1K03B02PZIJ8	1	32	290	195	4e-13	32	100.00	242
MISC_ORG_gene_00772	FJCREYX02HO80Z	81	166	2	259	1e-22	86	65.12	242
MISC_ORG_gene_00772	FSVKIWA02S8RQP	102	130	154	240	5e-22	29	93.10	242
MISC_ORG_gene_00772	FW1K03B02PR1NG	31	78	365	222	5e-19	48	95.83	242
MISC_ORG_gene_00772	FJCREYX01DJ7PI	205	242	2	115	7e-15	38	100.00	242
MISC_ORG_gene_00772	FW1K03B02QTHRR	105	129	161	87	1e-12	25	96.00	242
MISC_ORG_gene_00772	FW1K03B02QTHRR	126	157	97	2	1e-12	32	59.38	242
MISC_ORG_gene_00928	FW1K03B02SNLO0	106	271	2	499	2e-96	166	99.40	470
MISC_ORG_gene_00928	FW1K03B01EJSW0	132	295	1	492	2e-96	164	99.39	470
MISC_ORG_gene_00928	FW1K03B01AYZGZ	148	311	492	1	2e-94	164	99.39	470
MISC_ORG_gene_00928	FSVKIWA01CKA6W	36	197	2	487	2e-94	162	100.00	470
MISC_ORG_gene_00928	FW1K03B01DYPTY	71	232	1	486	3e-93	162	99.38	470
MISC_ORG_gene_00928	FSVKIWA01AWZ0Z	273	433	3	485	5e-93	161	99.38	470
MISC_ORG_gene_00928	FW1K03B01DXB43	107	266	1	480	5e-92	160	99.38	470
MISC_ORG_gene_00928	FW1K03B01BRQJR	110	266	11	481	2e-90	157	99.36	470
MISC_ORG_gene_00928	FW1K03B02P8V2I	125	279	465	1	5e-90	155	99.35	470
MISC_ORG_gene_00928	FW1K03B02PYFQ1	211	367	484	14	1e-89	157	99.36	470
MISC_ORG_gene_00928	FSVKIWA01CPC4Z	215	370	468	1	2e-89	156	100.00	470
MISC_ORG_gene_00928	FSVKIWA01DFORK	241	396	3	470	5e-89	156	100.00	470
MISC_ORG_gene_00928	FW1K03B01C1M9M	20	128	2	328	2e-88	109	95.41	470
MISC_ORG_gene_00928	FW1K03B01C1M9M	124	182	313	489	2e-88	59	98.31	470
MISC_ORG_gene_00928	FSVKIWA02SCR4G	82	200	2	358	6e-88	119	97.48	470
MISC_ORG_gene_00928	FSVKIWA02SCR4G	196	242	343	483	6e-88	47	97.87	470
MISC_ORG_gene_00928	FW1K03B01AT493	107	242	1	408	7e-88	136	99.26	470
MISC_ORG_gene_00928	FW1K03B01AT493	242	266	405	479	7e-88	25	100.00	470
MISC_ORG_gene_00928	FSVKIWA01D8VFA	145	242	1	294	2e-87	98	96.94	470
MISC_ORG_gene_00928	FSVKIWA01D8VFA	242	308	291	491	2e-87	67	98.51	470
MISC_ORG_gene_00928	FSVKIWA01EG8S7	250	402	1	459	4e-87	153	99.35	470
MISC_ORG_gene_00928	FW1K03B01C2FVC	185	266	236	481	1e-86	82	98.78	470
MISC_ORG_gene_00928	FW1K03B01C2FVC	107	185	1	237	1e-86	79	100.00	470
MISC_ORG_gene_00928	FW1K03B01CFVMJ	196	284	205	471	1e-86	89	98.88	470
MISC_ORG_gene_00928	FW1K03B01CFVMJ	128	200	2	220	1e-86	73	95.89	470
MISC_ORG_gene_00928	FW1K03B01DQ4OB	150	298	1	447	2e-85	149	99.33	470
MISC_ORG_gene_00928	FW1K03B01D85KC	150	298	1	447	2e-85	149	99.33	470
MISC_ORG_gene_00928	FSVKIWA01CVGGP	92	240	449	3	5e-85	149	99.33	470
MISC_ORG_gene_00928	FSVKIWA02SHU3X	240	374	3	407	3e-84	135	100.00	470
MISC_ORG_gene_00928	FSVKIWA02SHU3X	372	395	400	471	3e-84	24	91.67	470
MISC_ORG_gene_00928	FSVKIWA01D1D3K	289	435	458	18	3e-84	147	99.32	470
MISC_ORG_gene_00928	FSVKIWA01ATLM9	42	187	2	439	5e-84	146	100.00	470
MISC_ORG_gene_00928	FW1K03B01DSWKP	107	197	1	273	1e-83	91	100.00	470
MISC_ORG_gene_00928	FW1K03B01DSWKP	193	260	260	463	1e-83	68	95.59	470
MISC_ORG_gene_00928	FW1K03B02SLFN8	291	435	3	437	3e-83	145	99.31	470
MISC_ORG_gene_00928	FSVKIWA01EBVVT	231	329	174	470	1e-82	99	95.96	470
MISC_ORG_gene_00928	FSVKIWA01EBVVT	174	234	2	184	1e-82	61	98.36	470
MISC_ORG_gene_00928	FSVKIWA02RQH2G	221	353	470	72	2e-82	133	99.25	470
MISC_ORG_gene_00928	FSVKIWA02RQH2G	355	376	67	2	2e-82	22	100.00	470
MISC_ORG_gene_00928	FSVKIWA02S8JAW	28	181	3	464	9e-82	154	92.86	470
MISC_ORG_gene_00928	FW1K03B01DANXH	319	431	146	484	1e-81	113	99.12	470
MISC_ORG_gene_00928	FW1K03B01DANXH	281	318	31	144	1e-81	38	100.00	470
MISC_ORG_gene_00928	FW1K03B01DANXH	272	283	3	38	1e-81	12	83.33	470
MISC_ORG_gene_00928	FSVKIWA01BRJ8C	306	467	487	2	1e-81	162	88.27	470
MISC_ORG_gene_00928	FSVKIWA01DPDTU	132	272	3	425	1e-81	141	99.29	470
MISC_ORG_gene_00928	FW1K03B02TXR2D	268	411	434	3	2e-81	144	99.31	470
MISC_ORG_gene_00928	FSVKIWA01BCA51	221	363	451	23	2e-81	143	100.00	470
MISC_ORG_gene_00928	FSVKIWA01CKIJW	289	397	140	466	4e-81	109	100.00	470
MISC_ORG_gene_00928	FSVKIWA01CKIJW	244	285	3	128	4e-81	42	100.00	470
MISC_ORG_gene_00928	FW1K03B01EJWMC	295	451	2	472	4e-81	157	90.45	470
MISC_ORG_gene_00928	FSVKIWA01CSSA4	25	165	1	423	6e-81	141	100.00	470
MISC_ORG_gene_00928	FW1K03B01CARAW	210	327	354	1	2e-80	118	100.00	470
MISC_ORG_gene_00928	FW1K03B01CARAW	176	210	457	353	2e-80	35	97.14	470
MISC_ORG_gene_00928	FW1K03B01C5GYY	210	327	354	1	2e-80	118	100.00	470
MISC_ORG_gene_00928	FW1K03B01C5GYY	176	210	457	353	2e-80	35	97.14	470
MISC_ORG_gene_00928	FSVKIWA02QM5JX	313	470	1	474	4e-80	158	88.61	470
MISC_ORG_gene_00928	FW1K03B02RMCDI	62	222	2	481	1e-79	161	90.06	470
MISC_ORG_gene_00928	FW1K03B01DUMYG	196	271	195	422	4e-79	76	98.68	470
MISC_ORG_gene_00928	FW1K03B01DUMYG	131	200	1	210	4e-79	70	95.71	470
MISC_ORG_gene_00928	FSVKIWA02S4PDC	301	458	475	2	6e-79	158	88.61	470
MISC_ORG_gene_00928	FW1K03B01ENZ4P	25	161	2	412	1e-78	137	100.00	470
MISC_ORG_gene_00928	FW1K03B01A16CZ	328	435	370	47	1e-78	108	97.22	470
MISC_ORG_gene_00928	FW1K03B01A16CZ	288	328	489	367	1e-78	41	100.00	470
MISC_ORG_gene_00928	FW1K03B01DPN4W	303	455	1	459	3e-78	153	90.20	470
MISC_ORG_gene_00928	FW1K03B01CPH59	75	241	2	499	4e-78	169	86.39	470
MISC_ORG_gene_00928	FSVKIWA01EWIJW	248	384	2	412	1e-77	137	100.00	470
MISC_ORG_gene_00928	FW1K03B02TM17G	298	433	3	410	7e-77	136	99.26	470
MISC_ORG_gene_00928	FW1K03B02P22RV	262	398	3	413	1e-76	137	100.00	470
MISC_ORG_gene_00928	FSVKIWA01CPNWZ	238	303	261	458	4e-76	66	100.00	470
MISC_ORG_gene_00928	FSVKIWA01CPNWZ	152	200	2	148	4e-76	49	93.88	470
MISC_ORG_gene_00928	FSVKIWA01CPNWZ	196	234	133	249	4e-76	39	97.44	470
MISC_ORG_gene_00928	FSVKIWA01CPNWZ	304	314	458	490	4e-76	11	100.00	470
MISC_ORG_gene_00928	FW1K03B02R9CAY	1	135	406	2	1e-75	135	99.26	470
MISC_ORG_gene_00928	FW1K03B02T52WC	31	162	3	398	2e-75	132	100.00	470
MISC_ORG_gene_00928	FW1K03B02QIDPC	41	171	3	395	6e-75	131	100.00	470
MISC_ORG_gene_00928	FSVKIWA01CJ6O3	304	435	416	21	6e-75	132	99.24	470
MISC_ORG_gene_00928	FSVKIWA01B8OBW	304	435	416	21	6e-75	132	99.24	470
MISC_ORG_gene_00928	FW1K03B02QDL4N	318	414	297	7	6e-75	97	94.85	470
MISC_ORG_gene_00928	FW1K03B02QDL4N	268	317	448	299	6e-75	50	100.00	470
MISC_ORG_gene_00928	FW1K03B02TKRYQ	267	400	2	403	7e-75	134	100.00	470
MISC_ORG_gene_00928	FSVKIWA01CLNDC	110	242	3	401	9e-75	133	99.25	470
MISC_ORG_gene_00928	FW1K03B01CQ0O1	110	204	285	1	1e-74	95	85.26	470
MISC_ORG_gene_00928	FW1K03B01CQ0O1	38	97	503	324	1e-74	60	100.00	470
MISC_ORG_gene_00928	FW1K03B01CQ0O1	97	144	325	134	2e-10	64	54.69	470
MISC_ORG_gene_00928	FSVKIWA02P14RN	313	433	1	363	2e-74	121	99.17	470
MISC_ORG_gene_00928	FSVKIWA02P14RN	434	470	363	473	2e-74	37	54.05	470
MISC_ORG_gene_00928	FSVKIWA02S31HE	2	134	400	2	2e-74	133	99.25	470
MISC_ORG_gene_00928	FSVKIWA02S0CYF	2	134	400	2	2e-74	133	99.25	470
MISC_ORG_gene_00928	FW1K03B01C2UH8	55	185	395	3	2e-74	131	100.00	470
MISC_ORG_gene_00928	FSVKIWA01ELAC1	266	398	1	399	4e-74	133	100.00	470
MISC_ORG_gene_00928	FW1K03B01EN86K	193	309	351	1	8e-74	117	98.29	470
MISC_ORG_gene_00928	FW1K03B01EN86K	170	197	421	338	8e-74	28	96.43	470
MISC_ORG_gene_00928	FSVKIWA02S5NJC	130	258	389	3	4e-73	129	99.22	470
MISC_ORG_gene_00928	FW1K03B02QDL2J	292	422	3	395	1e-72	131	99.24	470
MISC_ORG_gene_00928	FW1K03B01DR7MR	308	435	407	24	2e-72	128	99.22	470
MISC_ORG_gene_00928	FW1K03B01BGDJA	315	459	439	5	2e-72	145	88.28	470
MISC_ORG_gene_00928	FW1K03B02Q355V	75	225	2	451	3e-72	151	88.74	470
MISC_ORG_gene_00928	FSVKIWA01CX030	244	371	3	386	4e-72	128	100.00	470
MISC_ORG_gene_00928	FW1K03B01ARA58	238	338	128	430	6e-72	101	100.00	470
MISC_ORG_gene_00928	FW1K03B01ARA58	197	234	3	116	6e-72	38	97.37	470
MISC_ORG_gene_00928	FW1K03B01EMD1N	1	128	386	3	8e-72	128	99.22	470
MISC_ORG_gene_00928	FSVKIWA02PL3TO	145	272	1	384	9e-72	128	99.22	470
MISC_ORG_gene_00928	FW1K03B01B1A3E	242	368	383	3	1e-71	127	100.00	470
MISC_ORG_gene_00928	FSVKIWA01ER960	132	257	3	380	1e-71	126	99.21	470
MISC_ORG_gene_00928	FW1K03B01DIJZT	64	189	380	3	1e-71	126	100.00	470
MISC_ORG_gene_00928	FW1K03B02SWIYO	327	470	2	433	4e-71	144	86.81	470
MISC_ORG_gene_00928	FW1K03B02RMWRM	327	470	2	433	4e-71	144	86.81	470
MISC_ORG_gene_00928	FSVKIWA02SE8TD	313	433	1	363	5e-70	121	99.17	470
MISC_ORG_gene_00928	FSVKIWA02SE8TD	457	470	431	472	5e-70	14	85.71	470
MISC_ORG_gene_00928	FSVKIWA02Q9L9L	97	220	373	2	2e-69	124	99.19	470
MISC_ORG_gene_00928	FW1K03B02R6CHN	106	197	3	278	4e-69	92	100.00	470
MISC_ORG_gene_00928	FW1K03B02R6CHN	210	242	317	415	4e-69	33	96.97	470
MISC_ORG_gene_00928	FW1K03B02R6CHN	196	215	274	333	4e-69	20	80.00	470
MISC_ORG_gene_00928	FSVKIWA01C0VKR	25	146	1	366	6e-69	122	100.00	470
MISC_ORG_gene_00928	FW1K03B02QGFPG	312	430	3	359	2e-68	119	99.16	470
MISC_ORG_gene_00928	FW1K03B02QGFPG	429	459	355	447	2e-68	31	38.71	470
MISC_ORG_gene_00928	FW1K03B02RN6T0	222	344	370	2	4e-68	123	100.00	470
MISC_ORG_gene_00928	FSVKIWA01BYFW7	280	402	2	370	4e-68	123	100.00	470
MISC_ORG_gene_00928	FW1K03B01B7VRU	319	435	2	352	8e-68	117	99.15	470
MISC_ORG_gene_00928	FW1K03B01B7VRU	450	466	394	444	8e-68	17	76.47	470
MISC_ORG_gene_00928	FW1K03B01CP8EA	45	163	357	1	1e-67	119	100.00	470
MISC_ORG_gene_00928	FW1K03B02Q5G35	317	435	391	35	3e-67	119	99.16	470
MISC_ORG_gene_00928	FSVKIWA01AROA7	251	370	360	1	4e-67	120	100.00	470
MISC_ORG_gene_00928	FSVKIWA01AROA7	215	266	469	314	2e-10	52	61.54	470
MISC_ORG_gene_00928	FSVKIWA02SR9JV	315	420	122	439	4e-67	106	85.85	470
MISC_ORG_gene_00928	FSVKIWA02SR9JV	275	315	1	123	4e-67	41	97.56	470
MISC_ORG_gene_00928	FSVKIWA01A9QH9	213	332	360	1	1e-66	120	100.00	470
MISC_ORG_gene_00928	FW1K03B02SFLLI	30	147	1	354	2e-66	118	100.00	470
MISC_ORG_gene_00928	FSVKIWA01ENJ2G	238	318	151	393	3e-65	81	100.00	470
MISC_ORG_gene_00928	FSVKIWA01ENJ2G	189	234	2	139	3e-65	46	97.83	470
MISC_ORG_gene_00928	FSVKIWA01C7751	71	185	345	1	4e-65	115	100.00	470
MISC_ORG_gene_00928	FSVKIWA02TPH3F	23	139	1	351	5e-65	117	100.00	470
MISC_ORG_gene_00928	FSVKIWA02SSA0G	1	115	371	27	3e-64	115	98.26	470
MISC_ORG_gene_00928	FSVKIWA02SSA0G	110	123	43	2	3e-64	14	64.29	470
MISC_ORG_gene_00928	FSVKIWA02PMDJU	26	134	328	2	4e-64	109	100.00	470
MISC_ORG_gene_00928	FSVKIWA02PMDJU	12	25	369	328	4e-64	14	92.86	470
MISC_ORG_gene_00928	FSVKIWA02PMDJU	2	11	398	369	4e-64	10	100.00	470
MISC_ORG_gene_00928	FSVKIWA01BYMTL	231	370	423	1	5e-64	143	84.62	470
MISC_ORG_gene_00928	FW1K03B02RTZ8J	141	255	345	1	1e-63	115	99.13	470
MISC_ORG_gene_00928	FW1K03B01BTW7V	114	200	1	261	1e-62	87	96.55	470
MISC_ORG_gene_00928	FW1K03B01BTW7V	196	231	246	353	1e-62	36	97.22	470
MISC_ORG_gene_00928	FSVKIWA02ROGJC	333	433	479	177	1e-62	101	98.02	470
MISC_ORG_gene_00928	FSVKIWA02ROGJC	433	470	178	65	1e-62	38	52.63	470
MISC_ORG_gene_00928	FW1K03B02R6AK7	46	139	3	284	3e-62	94	100.00	470
MISC_ORG_gene_00928	FW1K03B02R6AK7	144	176	299	397	3e-62	33	81.82	470
MISC_ORG_gene_00928	FSVKIWA02R1BO3	108	222	347	3	7e-62	115	97.39	470
MISC_ORG_gene_00928	FSVKIWA01CB6RY	16	119	371	57	1e-61	105	95.24	470
MISC_ORG_gene_00928	FSVKIWA01CB6RY	115	138	72	1	1e-61	24	91.67	470
MISC_ORG_gene_00928	FW1K03B01BDR5S	164	242	2	238	5e-61	79	98.73	470
MISC_ORG_gene_00928	FW1K03B01BDR5S	242	279	235	348	5e-61	38	100.00	470
MISC_ORG_gene_00928	FW1K03B02P3HHW	69	198	395	3	1e-60	131	88.55	470
MISC_ORG_gene_00928	FSVKIWA02SOPPN	348	425	235	2	2e-60	78	89.74	470
MISC_ORG_gene_00928	FSVKIWA02SOPPN	307	354	359	216	2e-60	48	97.92	470
MISC_ORG_gene_00928	FW1K03B02QPBF6	132	271	2	421	4e-60	140	79.29	470
MISC_ORG_gene_00928	FW1K03B02QPBF6	242	294	334	489	4e-16	53	79.25	470
MISC_ORG_gene_00928	FSVKIWA01AQQ43	329	435	346	26	5e-60	107	99.07	470
MISC_ORG_gene_00928	FSVKIWA01DA9JX	1	85	128	382	5e-60	85	98.82	470
MISC_ORG_gene_00928	FSVKIWA01DA9JX	82	121	369	488	5e-60	40	82.50	470
MISC_ORG_gene_00928	FSVKIWA02QP34I	132	260	2	388	2e-58	129	83.72	470
MISC_ORG_gene_00928	FSVKIWA02QP34I	248	296	358	495	6e-16	49	77.55	470
MISC_ORG_gene_00928	FW1K03B01BQDFG	397	470	265	44	2e-57	74	72.97	470
MISC_ORG_gene_00928	FW1K03B01BQDFG	345	398	420	259	2e-57	54	100.00	470
MISC_ORG_gene_00928	FW1K03B02QMBS4	350	470	1	363	2e-57	121	84.30	470
MISC_ORG_gene_00928	FO7ZNVB150X0J7	48	164	1	351	4e-57	117	88.89	470
MISC_ORG_gene_00928	FSVKIWA01B61B8	196	294	298	2	4e-57	99	97.98	470
MISC_ORG_gene_00928	FSVKIWA01B61B8	185	200	330	283	4e-57	16	93.75	470
MISC_ORG_gene_00928	FSVKIWA02RTHF2	177	257	99	341	9e-57	81	97.53	470
MISC_ORG_gene_00928	FSVKIWA02RTHF2	145	176	1	96	9e-57	32	100.00	470
MISC_ORG_gene_00928	FW1K03B02SSMNU	202	305	312	1	1e-56	104	99.04	470
MISC_ORG_gene_00928	FSVKIWA02QK7CK	123	247	415	59	1e-56	126	86.51	470
MISC_ORG_gene_00928	FSVKIWA02QK7CK	229	259	93	1	3e-12	31	100.00	470
MISC_ORG_gene_00928	FW1K03B02PIA50	46	206	3	488	5e-56	162	68.52	470
MISC_ORG_gene_00928	FW1K03B02SZ8H2	15	126	1	336	7e-55	112	91.96	470
MISC_ORG_gene_00928	FO7ZNVB14YU46W	2	111	3	332	8e-55	110	92.73	470
MISC_ORG_gene_00928	FSVKIWA02TWBYD	331	406	128	355	1e-53	76	100.00	470
MISC_ORG_gene_00928	FSVKIWA02TWBYD	290	310	3	65	1e-53	21	100.00	470
MISC_ORG_gene_00928	FSVKIWA02TWBYD	311	331	67	129	1e-53	21	100.00	470
MISC_ORG_gene_00928	FSVKIWA02S7CFF	1	98	294	1	2e-53	98	98.98	470
MISC_ORG_gene_00928	FSVKIWA01CZQCO	356	470	422	78	3e-53	115	83.48	470
MISC_ORG_gene_00928	FSVKIWA01AFNYM	208	294	262	2	4e-52	87	100.00	470
MISC_ORG_gene_00928	FSVKIWA01AFNYM	185	200	329	282	4e-52	16	93.75	470
MISC_ORG_gene_00928	FSVKIWA01AFNYM	196	211	297	250	4e-52	16	68.75	470
MISC_ORG_gene_00928	FW1K03B01CHWSM	1	94	282	1	6e-51	94	98.94	470
MISC_ORG_gene_00928	FSVKIWA02SL199	340	431	2	277	9e-51	92	98.91	470
MISC_ORG_gene_00928	FSVKIWA01BVGKL	47	98	1	156	1e-50	52	100.00	470
MISC_ORG_gene_00928	FSVKIWA01BVGKL	99	158	158	322	1e-50	60	85.00	470
MISC_ORG_gene_00928	FSVKIWA01CDSWY	1	93	214	492	4e-50	93	98.92	470
MISC_ORG_gene_00928	FW1K03B02RU9BM	220	325	3	323	1e-49	107	89.72	470
MISC_ORG_gene_00928	FSVKIWA01D68DS	132	215	3	254	8e-49	84	90.48	470
MISC_ORG_gene_00928	FSVKIWA01D68DS	210	272	238	426	8e-49	73	41.10	470
MISC_ORG_gene_00928	FSVKIWA01D68DS	196	260	194	391	5e-20	67	76.12	470
MISC_ORG_gene_00928	FW1K03B01C7NNI	1	97	134	427	1e-48	98	89.80	470
MISC_ORG_gene_00928	FW1K03B01C7NNI	97	108	424	459	1e-48	12	100.00	470
MISC_ORG_gene_00928	FSVKIWA02SP0C8	47	164	359	3	2e-48	119	79.83	470
MISC_ORG_gene_00928	FSVKIWA01B1RYZ	1	90	270	1	3e-48	90	98.89	470
MISC_ORG_gene_00928	FW1K03B02RTM8V	12	97	2	259	8e-48	86	93.02	470
MISC_ORG_gene_00928	FW1K03B02RTM8V	92	109	243	296	8e-48	18	94.44	470
MISC_ORG_gene_00928	FW1K03B01DCB52	107	217	1	333	1e-46	111	81.08	470
MISC_ORG_gene_00928	FW1K03B01A9U10	1	88	266	3	2e-46	88	98.86	470
MISC_ORG_gene_00928	FW1K03B01D38LB	84	141	310	137	2e-46	58	100.00	470
MISC_ORG_gene_00928	FW1K03B01D38LB	151	185	107	3	2e-46	35	100.00	470
MISC_ORG_gene_00928	FW1K03B01D38LB	55	150	396	109	6e-10	97	42.27	470
MISC_ORG_gene_00928	FW1K03B01C8JW9	1	91	135	410	5e-46	92	93.48	470
MISC_ORG_gene_00928	FSVKIWA01D6CSU	362	470	485	162	6e-46	109	79.82	470
MISC_ORG_gene_00928	FW1K03B01DLQA5	368	470	2	310	8e-46	103	82.52	470
MISC_ORG_gene_00928	FW1K03B01CHHLO	369	470	1	306	3e-45	102	82.35	470
MISC_ORG_gene_00928	FJCREYX01CE20E	184	269	260	3	5e-45	86	98.84	470
MISC_ORG_gene_00928	FW1K03B02SM6YQ	1	85	255	1	7e-45	85	98.82	470
MISC_ORG_gene_00928	FW1K03B01ENI80	196	260	197	3	7e-45	65	98.46	470
MISC_ORG_gene_00928	FW1K03B01ENI80	168	200	280	182	7e-45	33	90.91	470
MISC_ORG_gene_00928	FW1K03B01EILZP	196	260	197	3	7e-45	65	98.46	470
MISC_ORG_gene_00928	FW1K03B01EILZP	168	200	280	182	7e-45	33	90.91	470
MISC_ORG_gene_00928	FSVKIWA02P933V	318	470	471	10	7e-45	157	63.06	470
MISC_ORG_gene_00928	FSVKIWA01C1Q9S	309	375	279	79	7e-44	67	97.01	470
MISC_ORG_gene_00928	FSVKIWA01C1Q9S	374	401	85	2	7e-44	28	100.00	470
MISC_ORG_gene_00928	FSVKIWA02TSNDJ	38	96	179	3	2e-43	59	89.83	470
MISC_ORG_gene_00928	FSVKIWA02TSNDJ	1	36	292	185	2e-43	36	91.67	470
MISC_ORG_gene_00928	FSVKIWA02TSNDJ	34	46	192	154	2e-43	13	92.31	470
MISC_ORG_gene_00928	FJCREYX01A896Y	71	150	3	242	5e-43	80	100.00	470
MISC_ORG_gene_00928	FW1K03B02Q32L5	200	281	1	246	1e-42	82	98.78	470
MISC_ORG_gene_00928	FSVKIWA01EB1RZ	176	257	3	248	3e-42	82	98.78	470
MISC_ORG_gene_00928	FSVKIWA01EB1RZ	248	311	227	409	4e-27	64	89.06	470
MISC_ORG_gene_00928	FJCREYX01DKXUM	196	269	224	3	3e-42	74	98.65	470
MISC_ORG_gene_00928	FJCREYX01DKXUM	184	200	259	209	3e-42	17	82.35	470
MISC_ORG_gene_00928	FW1K03B01D0KW9	77	156	116	355	3e-42	80	97.50	470
MISC_ORG_gene_00928	FW1K03B01D0KW9	39	200	1	486	8e-36	178	50.56	470
MISC_ORG_gene_00928	FJCREYX02IYSQE	202	282	243	1	5e-42	81	98.77	470
MISC_ORG_gene_00928	FSVKIWA02PPIKG	117	194	236	3	7e-42	78	100.00	470
MISC_ORG_gene_00928	FJCREYX02GAZ5P	3	83	1	243	8e-42	81	98.77	470
MISC_ORG_gene_00928	FO7ZNVB162LD1S	1	80	242	3	1e-41	80	98.75	470
MISC_ORG_gene_00928	FJCREYX02I5MZG	236	313	235	2	2e-41	78	100.00	470
MISC_ORG_gene_00928	FSVKIWA01D1B2N	132	272	3	425	2e-41	148	61.49	470
MISC_ORG_gene_00928	FJCREYX02GXZ7T	40	119	241	2	3e-41	80	100.00	470
MISC_ORG_gene_00928	FW1K03B01DTN78	376	470	426	142	3e-41	95	81.05	470
MISC_ORG_gene_00928	FJCREYX02GOWE0	341	415	225	1	5e-41	75	100.00	470
MISC_ORG_gene_00928	FJCREYX01AUDP8	47	125	2	238	6e-41	79	100.00	470
MISC_ORG_gene_00928	FJCREYX01B27JS	253	331	1	237	7e-41	79	98.73	470
MISC_ORG_gene_00928	FSVKIWA02TLL35	1	94	79	360	8e-41	94	85.11	470
MISC_ORG_gene_00928	FSVKIWA02QH2LI	115	258	434	3	9e-41	154	60.39	470
MISC_ORG_gene_00928	FSVKIWA02QH2LI	99	182	480	232	4e-34	89	82.02	470
MISC_ORG_gene_00928	FJCREYX02I0O1U	251	327	232	2	2e-40	77	100.00	470
MISC_ORG_gene_00928	FW1K03B01DUV19	1	78	236	3	3e-40	78	98.72	470
MISC_ORG_gene_00928	FJCREYX01CDT3V	363	435	3	221	6e-40	73	98.63	470
MISC_ORG_gene_00928	FJCREYX01BC9L1	322	399	236	3	6e-40	78	100.00	470
MISC_ORG_gene_00928	FJCREYX01C1O3N	71	128	3	176	6e-40	58	94.83	470
MISC_ORG_gene_00928	FJCREYX01C1O3N	125	150	164	241	6e-40	26	100.00	470
MISC_ORG_gene_00928	FJCREYX01B67QH	258	333	230	3	4e-39	76	100.00	470
MISC_ORG_gene_00928	FJCREYX02JNE8F	65	119	1	165	6e-39	55	94.55	470
MISC_ORG_gene_00928	FJCREYX02JNE8F	115	144	150	239	6e-39	30	96.67	470
MISC_ORG_gene_00928	FJCREYX02G22GV	287	362	1	228	1e-38	76	100.00	470
MISC_ORG_gene_00928	FW1K03B01EMKJ1	26	81	169	2	2e-38	56	100.00	470
MISC_ORG_gene_00928	FW1K03B01EMKJ1	1	26	245	168	2e-38	26	92.31	470
MISC_ORG_gene_00928	FSVKIWA01DO8JO	337	383	154	14	3e-38	47	95.74	470
MISC_ORG_gene_00928	FSVKIWA01DO8JO	297	336	275	156	3e-38	40	100.00	470
MISC_ORG_gene_00928	FW1K03B01DEZP0	1	73	258	476	1e-37	73	98.63	470
MISC_ORG_gene_00928	FJCREYX01DHDXD	321	395	1	225	3e-37	75	98.67	470
MISC_ORG_gene_00928	FSVKIWA01A5LWY	154	200	3	143	4e-37	47	93.62	470
MISC_ORG_gene_00928	FSVKIWA01A5LWY	196	234	128	244	4e-37	39	94.87	470
MISC_ORG_gene_00928	FW1K03B01EXBUK	240	310	213	1	6e-37	71	100.00	470
MISC_ORG_gene_00928	FSVKIWA02TJ7ZX	317	356	1	120	1e-36	40	97.50	470
MISC_ORG_gene_00928	FSVKIWA02TJ7ZX	371	406	165	272	1e-36	36	100.00	470
MISC_ORG_gene_00928	FSVKIWA02TJ7ZX	358	370	125	163	1e-36	13	100.00	470
MISC_ORG_gene_00928	FJCREYX01EOUBA	370	452	249	1	2e-36	83	81.93	470
MISC_ORG_gene_00928	FW1K03B01DG2WJ	288	359	218	3	9e-36	72	100.00	470
MISC_ORG_gene_00928	FW1K03B01AN3ME	18	138	3	359	1e-35	137	62.04	470
MISC_ORG_gene_00928	FW1K03B01AOWL3	125	189	197	3	6e-35	65	100.00	470
MISC_ORG_gene_00928	FW1K03B01AOWL3	64	144	381	91	2e-30	97	70.10	470
MISC_ORG_gene_00928	FW1K03B01DC8YB	91	188	50	349	2e-34	100	72.00	470
MISC_ORG_gene_00928	FJCREYX01DW1CR	379	459	247	5	3e-34	81	79.01	470
MISC_ORG_gene_00928	FW1K03B02QAPUQ	35	85	71	223	1e-32	51	90.20	470
MISC_ORG_gene_00928	FW1K03B02QAPUQ	12	41	3	92	1e-32	30	90.00	470
MISC_ORG_gene_00928	FW1K03B02PZVIS	22	71	151	2	1e-31	50	98.00	470
MISC_ORG_gene_00928	FW1K03B02PZVIS	1	26	215	138	1e-31	26	84.62	470
MISC_ORG_gene_00928	FJCREYX01APZAQ	70	116	76	216	2e-31	47	100.00	470
MISC_ORG_gene_00928	FJCREYX01APZAQ	46	69	3	74	2e-31	24	100.00	470
MISC_ORG_gene_00928	FJCREYX02JEOD2	196	254	34	210	5e-31	59	98.31	470
MISC_ORG_gene_00928	FJCREYX02JEOD2	185	200	2	49	5e-31	16	81.25	470
MISC_ORG_gene_00928	FSVKIWA01BUFLJ	1	62	188	3	1e-30	62	98.39	470
MISC_ORG_gene_00928	FW1K03B01ENNVT	189	234	73	213	2e-30	47	87.23	470
MISC_ORG_gene_00928	FW1K03B01ENNVT	165	197	3	101	2e-30	33	96.97	470
MISC_ORG_gene_00928	FW1K03B02SIMPY	24	85	187	2	2e-30	62	100.00	470
MISC_ORG_gene_00928	FSVKIWA02P3X9H	23	84	4	189	2e-30	62	100.00	470
MISC_ORG_gene_00928	FJCREYX01ATFMO	396	470	234	10	4e-30	75	76.00	470
MISC_ORG_gene_00928	FSVKIWA01C3ITU	1	60	182	3	1e-29	60	98.33	470
MISC_ORG_gene_00928	FW1K03B01CTFBA	1	58	41	214	1e-29	58	98.28	470
MISC_ORG_gene_00928	FSVKIWA01CG133	8	67	181	2	3e-29	60	98.33	470
MISC_ORG_gene_00928	FSVKIWA02PQ8YU	255	314	180	1	5e-29	60	96.67	470
MISC_ORG_gene_00928	FO7ZNVB150Z0SX	400	470	458	246	6e-29	71	74.65	470
MISC_ORG_gene_00928	FO7ZNVB150Z0SX	386	398	498	460	6e-29	13	100.00	470
MISC_ORG_gene_00928	FSVKIWA01DN6WG	26	85	1	180	1e-28	60	100.00	470
MISC_ORG_gene_00928	FW1K03B02Q5B5O	1	47	286	426	5e-28	47	95.74	470
MISC_ORG_gene_00928	FW1K03B02Q5B5O	48	68	428	490	5e-28	21	95.24	470
MISC_ORG_gene_00928	FSVKIWA01DE512	28	87	1	180	1e-27	60	98.33	470
MISC_ORG_gene_00928	FW1K03B02QYG9Q	1	56	169	2	2e-27	56	98.21	470
MISC_ORG_gene_00928	FW1K03B02QQZX3	1	55	166	2	1e-26	55	98.18	470
MISC_ORG_gene_00928	FSVKIWA01CQUZI	1	54	163	2	2e-26	54	98.15	470
MISC_ORG_gene_00928	FSVKIWA01A5L7Y	189	322	2	412	1e-25	137	53.28	470
MISC_ORG_gene_00928	FSVKIWA01A5L7Y	210	325	69	422	1e-10	121	43.80	470
MISC_ORG_gene_00928	FSVKIWA01D49QY	1	54	163	2	1e-25	54	98.15	470
MISC_ORG_gene_00928	FW1K03B01DT236	372	470	491	195	2e-25	99	56.57	470
MISC_ORG_gene_00928	FSVKIWA01DGGWM	1	52	156	1	1e-24	52	98.08	470
MISC_ORG_gene_00928	FJCREYX02GSU69	317	366	150	1	2e-24	50	100.00	470
MISC_ORG_gene_00928	FJCREYX02GSU69	306	316	184	152	2e-24	11	100.00	470
MISC_ORG_gene_00928	FO7ZNVB13W4Z2J	1	51	153	1	4e-24	51	98.04	470
MISC_ORG_gene_00928	FSVKIWA01A86CG	142	179	115	2	7e-24	38	100.00	470
MISC_ORG_gene_00928	FSVKIWA01A86CG	121	141	179	117	7e-24	21	80.95	470
MISC_ORG_gene_00928	FSVKIWA01CAB7A	1	50	152	3	8e-24	50	98.00	470
MISC_ORG_gene_00928	FW1K03B01EVDSU	127	171	62	196	2e-23	45	100.00	470
MISC_ORG_gene_00928	FW1K03B02P57FG	271	320	152	3	1e-22	50	100.00	470
MISC_ORG_gene_00928	FW1K03B02SW9CJ	1	47	142	2	2e-22	47	97.87	470
MISC_ORG_gene_00928	FSVKIWA02TX7YS	45	96	161	3	2e-22	53	96.23	470
MISC_ORG_gene_00928	FJCREYX01CSY7T	408	470	235	47	1e-21	63	69.84	470
MISC_ORG_gene_00928	FJCREYX01CF3CD	410	470	1	183	4e-20	61	68.85	470
MISC_ORG_gene_00928	FSVKIWA02QPLP7	409	470	432	247	4e-20	62	67.74	470
MISC_ORG_gene_00928	FSVKIWA01AE9RT	239	292	190	26	8e-20	55	81.82	470
MISC_ORG_gene_00928	FW1K03B02PH5Q3	215	257	220	92	2e-19	43	100.00	470
MISC_ORG_gene_00928	FW1K03B02PH5Q3	246	287	119	3	2e-12	42	78.57	470
MISC_ORG_gene_00928	FSVKIWA01D8YT0	1	44	132	1	2e-19	44	97.73	470
MISC_ORG_gene_00928	FW1K03B01B26K5	423	470	389	246	2e-18	48	54.17	470
MISC_ORG_gene_00928	FW1K03B01B26K5	402	428	451	374	2e-18	27	85.19	470
MISC_ORG_gene_00928	FW1K03B02Q6AJK	1	42	376	501	2e-18	42	97.62	470
MISC_ORG_gene_00928	FW1K03B01B5JLL	1	42	127	2	2e-18	42	97.62	470
MISC_ORG_gene_00928	FW1K03B02PJAL1	13	54	2	127	6e-18	42	95.24	470
MISC_ORG_gene_00928	FSVKIWA01B0ZN1	1	46	407	547	6e-18	47	91.49	470
MISC_ORG_gene_00928	FW1K03B02S1ZUC	400	430	436	344	9e-18	31	96.77	470
MISC_ORG_gene_00928	FSVKIWA01C0J7X	256	294	118	2	9e-17	39	97.44	470
MISC_ORG_gene_00928	FW1K03B02Q7SXN	1	39	117	1	9e-17	39	97.44	470
MISC_ORG_gene_00928	FW1K03B01ESIHZ	1	39	118	2	1e-16	39	97.44	470
MISC_ORG_gene_00928	FSVKIWA02SOZV5	97	151	43	213	2e-16	57	71.93	470
MISC_ORG_gene_00928	FSVKIWA02SOZV5	91	98	24	47	2e-16	8	100.00	470
MISC_ORG_gene_00928	FSVKIWA01BYBWO	128	161	102	1	5e-16	34	100.00	470
MISC_ORG_gene_00928	FSVKIWA01C4WRY	254	360	346	8	6e-16	113	41.59	470
MISC_ORG_gene_00928	FSVKIWA02SM79J	196	232	24	134	1e-15	37	97.30	470
MISC_ORG_gene_00928	FSVKIWA02SM79J	188	200	1	39	1e-15	13	76.92	470
MISC_ORG_gene_00928	FSVKIWA01A4QJC	29	178	463	29	2e-15	150	34.00	470
MISC_ORG_gene_00928	FO7ZNVB162JN40	221	360	441	16	3e-15	146	36.30	470
MISC_ORG_gene_00928	FW1K03B02R7TP8	29	171	416	3	7e-15	144	36.11	470
MISC_ORG_gene_00928	FW1K03B02QD71Z	233	360	442	53	8e-15	130	36.92	470
MISC_ORG_gene_00928	FW1K03B01EA7QL	233	360	406	17	1e-14	130	36.92	470
MISC_ORG_gene_00928	FW1K03B02QODVV	1	36	108	1	1e-14	36	97.22	470
