MISC_ORG_gene_00001	gi|407849469|gb|EKG04201.1|	74.03	335	87	0	1	335	1	335	3e-130	 471	335
MISC_ORG_gene_00001	gi|557865100|gb|ESS68342.1|	73.73	335	88	0	1	335	1	335	5e-130	 470	335
MISC_ORG_gene_00001	gi|71665711|ref|XP_819822.1|	73.73	335	88	0	1	335	1	335	8e-130	 469	335
MISC_ORG_gene_00001	gi|407414953|gb|EKF36572.1|	72.97	333	90	0	1	333	1	333	4e-129	 467	335
MISC_ORG_gene_00001	gi|686647158|ref|XP_009316024.1|	71.34	321	92	0	7	327	3	323	2e-123	 448	329
MISC_ORG_gene_00001	gi|261333090|emb|CBH16085.1|	59.15	328	126	8	7	326	5	332	2e-97	 362	341
MISC_ORG_gene_00001	gi|71748264|ref|XP_823187.1|	59.15	328	126	8	7	326	5	332	2e-97	 362	341
MISC_ORG_gene_00001	gi|340057555|emb|CCC51901.1|	62.76	290	107	1	25	314	171	459	3e-94	 351	460
MISC_ORG_gene_00001	gi|342184613|emb|CCC94095.1|	64.11	287	103	0	40	326	3	289	7e-94	 350	298
MISC_ORG_gene_00001	gi|146105270|ref|XP_001470017.1|	55.63	293	130	0	24	316	114	406	9e-81	 306	431
MISC_ORG_gene_00001	gi|398024800|ref|XP_003865561.1|	55.63	293	130	0	24	316	114	406	1e-80	 306	431
MISC_ORG_gene_00001	gi|157877378|ref|XP_001687010.1|	56.31	293	128	0	24	316	114	406	1e-76	 293	431
MISC_ORG_gene_00001	gi|401420590|ref|XP_003874784.1|	55.29	293	131	0	24	316	114	406	1e-74	 286	431
MISC_ORG_gene_00001	gi|154346266|ref|XP_001569070.1|	55.29	293	131	0	24	316	115	407	2e-74	 285	432
MISC_ORG_gene_00001	gi|731709869|ref|XP_010703371.1|	55.29	293	131	0	24	316	115	407	3e-74	 285	432
MISC_ORG_gene_00001	gi|588317090|emb|CCW63903.1|	41.48	311	176	6	12	316	103	413	8e-58	 230	430
MISC_ORG_gene_00001	gi|528266013|gb|EPY39986.1|	43.75	224	125	1	99	321	1	224	2e-43	 182	232
MISC_ORG_gene_00001	gi|551647231|ref|XP_005826400.1|	33.07	257	171	1	50	305	17	273	1e-27	 130	277
MISC_ORG_gene_00001	gi|676384435|ref|XP_009035496.1|	32.13	249	152	17	51	283	46	293	6e-26	 124	294
MISC_ORG_gene_00001	gi|669145624|ref|XP_008608374.1|	34.21	228	149	1	47	274	2	228	4e-25	 122	248
MISC_ORG_gene_00001	gi|673042749|ref|XP_008875335.1|	35.37	229	146	2	47	274	2	229	2e-24	 120	249
MISC_ORG_gene_00001	gi|698795370|ref|XP_009830714.1|	34.93	229	147	2	47	274	2	229	3e-24	 119	249
MISC_ORG_gene_00001	gi|301107255|ref|XP_002902710.1|	35.45	220	139	3	56	274	11	228	4e-24	 118	241
MISC_ORG_gene_00001	gi|641528824|gb|KDO23028.1|	34.65	228	143	6	47	274	2	223	5e-24	 118	243
MISC_ORG_gene_00001	gi|675169431|ref|XP_008893600.1|	35.00	220	140	3	56	274	11	228	2e-23	 116	241
MISC_ORG_gene_00001	gi|695434455|ref|XP_009531428.1|	34.70	219	142	1	56	274	11	228	2e-23	 116	245
MISC_ORG_gene_00001	gi|635362676|emb|CCI48601.1|	31.56	225	153	1	50	274	6	229	6e-23	 114	258
MISC_ORG_gene_00001	gi|299472647|emb|CBN78299.1|	32.89	225	150	1	50	274	5	228	7e-23	 114	276
MISC_ORG_gene_00001	gi|325186567|emb|CCA21108.1|	29.33	225	158	1	50	274	128	351	1e-22	 113	370
MISC_ORG_gene_00001	gi|635362677|emb|CCI48602.1|	31.72	227	152	3	50	274	6	231	3e-22	 112	260
MISC_ORG_gene_00001	gi|118372289|ref|XP_001019341.1|	32.29	223	139	12	56	272	61	277	4e-22	 112	309
MISC_ORG_gene_00001	gi|586735005|gb|EAR99096.2|	32.00	225	141	12	56	274	23	241	4e-22	 112	271
MISC_ORG_gene_00001	gi|145480287|ref|XP_001426166.1|	30.28	218	152	0	56	273	24	241	4e-20	 105	283
MISC_ORG_gene_00001	gi|145495838|ref|XP_001433911.1|	29.72	249	168	7	56	298	24	271	1e-19	 103	283
MISC_ORG_gene_00001	gi|403336286|gb|EJY67333.1|	35.02	217	137	4	60	274	19	233	2e-19	 103	283
MISC_ORG_gene_00001	gi|224004078|ref|XP_002295690.1|	31.44	229	154	3	47	274	2	228	8e-19	 100	258
MISC_ORG_gene_00001	gi|471232792|ref|XP_004037465.1|	27.35	245	178	0	56	300	7	251	1e-18	 100	254
MISC_ORG_gene_00001	gi|673013946|ref|XP_008860934.1|	29.96	247	167	6	36	278	95	339	2e-18	 100	391
MISC_ORG_gene_00001	gi|145522219|ref|XP_001446959.1|	29.49	217	153	0	56	272	26	242	3e-18	99.4	687
MISC_ORG_gene_00001	gi|145550973|ref|XP_001461164.1|	27.73	220	153	6	56	272	26	242	3e-18	99.0	287
MISC_ORG_gene_00001	gi|294950745|ref|XP_002786752.1|	32.60	273	169	15	48	315	14	276	7e-18	98.2	600
MISC_ORG_gene_00001	gi|145512689|ref|XP_001442261.1|	29.49	217	153	0	56	272	26	242	9e-18	97.8	683
MISC_ORG_gene_00001	gi|698794160|ref|XP_009830109.1|	30.26	228	154	5	54	278	94	319	1e-17	97.1	377
MISC_ORG_gene_00001	gi|145521600|ref|XP_001446655.1|	28.44	218	156	0	56	273	24	241	2e-17	96.3	283
MISC_ORG_gene_00001	gi|669149978|ref|XP_008610551.1|	29.88	251	168	8	27	274	71	316	2e-17	96.7	371
MISC_ORG_gene_00001	gi|641536281|gb|KDO30177.1|	29.88	251	168	8	27	274	71	316	3e-17	95.9	371
MISC_ORG_gene_00001	gi|678345503|emb|CDW71390.1|	32.75	229	150	4	48	274	19	245	3e-17	95.9	292
MISC_ORG_gene_00001	gi|698794162|ref|XP_009830110.1|	30.40	227	153	5	55	278	1	225	5e-17	95.1	283
MISC_ORG_gene_00001	gi|145499530|ref|XP_001435750.1|	28.44	218	156	0	56	273	24	241	6e-17	94.7	283
MISC_ORG_gene_00001	gi|403345351|gb|EJY72038.1|	30.68	264	175	8	53	311	23	283	6e-17	95.1	294
MISC_ORG_gene_00001	gi|145550622|ref|XP_001460989.1|	27.73	220	153	6	56	272	26	242	9e-17	94.4	287
MISC_ORG_gene_00001	gi|294953639|ref|XP_002787864.1|	34.50	229	140	10	48	275	14	233	1e-16	94.4	239
MISC_ORG_gene_00001	gi|471221894|ref|XP_004029758.1|	25.45	220	163	1	56	274	247	466	3e-16	92.8	1139
MISC_ORG_gene_00001	gi|145487097|ref|XP_001429554.1|	29.49	217	153	0	56	272	26	242	4e-16	92.0	282
MISC_ORG_gene_00001	gi|145504723|ref|XP_001438328.1|	29.03	217	154	0	56	272	26	242	1e-15	90.5	282
MISC_ORG_gene_00001	gi|586742714|gb|EAR90957.2|	25.50	251	169	18	60	298	108	352	2e-15	89.7	365
MISC_ORG_gene_00001	gi|118373080|ref|XP_001019734.1|	29.91	214	150	0	59	272	44	257	3e-15	89.4	327
MISC_ORG_gene_00001	gi|586734665|gb|EAR99489.2|	29.91	214	150	0	59	272	36	249	3e-15	89.4	285
MISC_ORG_gene_00001	gi|678314787|emb|CDW87163.1|	26.36	220	160	2	56	274	21	239	3e-15	89.4	299
MISC_ORG_gene_00001	gi|301122569|ref|XP_002909011.1|	30.99	242	156	11	54	286	103	342	4e-15	89.0	941
MISC_ORG_gene_00001	gi|695427219|ref|XP_009529628.1|	31.08	222	148	5	54	272	99	318	4e-15	89.0	1091
MISC_ORG_gene_00001	gi|678331362|emb|CDW78647.1|	32.34	235	155	4	42	274	15	247	5e-15	88.6	297
MISC_ORG_gene_00001	gi|566025290|gb|ETI48201.1|	31.08	222	148	5	54	272	107	326	6e-15	88.2	386
MISC_ORG_gene_00001	gi|675191089|ref|XP_008904429.1|	31.08	222	148	5	54	272	86	305	7e-15	88.2	365
MISC_ORG_gene_00001	gi|118355886|ref|XP_001011202.1|	24.34	267	174	28	60	298	108	374	1e-14	87.4	399
MISC_ORG_gene_00001	gi|678320435|emb|CDW84238.1|	29.55	220	153	2	56	274	23	241	1e-14	87.4	301
MISC_ORG_gene_00001	gi|145532276|ref|XP_001451899.1|	26.94	219	150	10	56	269	24	237	2e-14	86.7	271
MISC_ORG_gene_00001	gi|168020840|ref|XP_001762950.1|	29.77	215	151	0	55	269	908	1122	2e-14	86.3	1190
MISC_ORG_gene_00001	gi|403353664|gb|EJY76374.1|	27.40	281	193	11	56	327	27	305	2e-14	86.7	314
MISC_ORG_gene_00001	gi|586743060|gb|EAR90390.4|	26.09	230	158	12	49	272	54	277	3e-14	86.3	319
MISC_ORG_gene_00001	gi|145473803|ref|XP_001462565.1|	26.17	214	158	0	56	269	24	237	7e-14	84.7	271
MISC_ORG_gene_00001	gi|145551536|ref|XP_001461445.1|	27.15	221	153	8	57	274	431	646	1e-13	84.0	670
MISC_ORG_gene_00001	gi|325186554|emb|CCA21095.1|	27.78	234	164	5	44	274	57	288	1e-13	84.3	350
MISC_ORG_gene_00001	gi|586726113|gb|EAR82697.2|	23.99	271	202	4	42	312	35	301	1e-13	84.0	305
MISC_ORG_gene_00001	gi|302770863|ref|XP_002968850.1|	31.13	212	140	6	61	269	274	482	2e-13	83.6	542
MISC_ORG_gene_00001	gi|302784700|ref|XP_002974122.1|	31.13	212	140	6	61	269	274	482	2e-13	83.6	542
MISC_ORG_gene_00001	gi|145547569|ref|XP_001459466.1|	26.15	218	161	0	61	278	22	239	1e-12	80.5	268
MISC_ORG_gene_00001	gi|403351580|gb|EJY75285.1|	26.48	219	161	0	56	274	30	248	3e-12	79.3	306
MISC_ORG_gene_00001	gi|635365816|emb|CCI45831.1|	27.08	240	170	5	42	278	92	329	5e-12	78.6	387
MISC_ORG_gene_00001	gi|168040002|ref|XP_001772485.1|	27.91	215	155	0	54	268	247	461	9e-12	77.8	530
MISC_ORG_gene_00001	gi|224015659|ref|XP_002297479.1|	29.41	221	147	9	49	264	106	322	1e-11	77.0	332
MISC_ORG_gene_00001	gi|229595747|ref|XP_001010635.3|	24.78	230	143	30	49	272	54	259	1e-11	77.0	301
MISC_ORG_gene_00001	gi|471223872|ref|XP_004030701.1|	29.87	154	108	0	56	209	231	384	2e-11	76.3	507
MISC_ORG_gene_00001	gi|118396033|ref|XP_001030360.1|	23.90	272	188	19	42	312	35	288	3e-11	75.9	292
MISC_ORG_gene_00001	gi|678310296|emb|CDW89445.1|	28.74	247	164	12	54	294	151	391	1e-09	70.5	417
MISC_ORG_gene_00001	gi|118363985|ref|XP_001015215.1|	23.08	221	164	6	61	278	795	1012	2e-09	69.7	1062
MISC_ORG_gene_00001	gi|403351546|gb|EJY75268.1|	28.74	254	167	14	54	299	174	421	4e-09	68.9	440
MISC_ORG_gene_00001	gi|159478082|ref|XP_001697133.1|	28.05	221	151	8	53	269	28	244	4e-08	65.5	288
MISC_ORG_gene_00001	gi|403356662|gb|EJY77930.1|	26.25	240	171	6	74	312	53	287	9e-08	64.3	297
MISC_ORG_gene_00001	gi|678315862|emb|CDW86614.1|	26.27	236	168	6	84	316	6	238	1e-07	63.9	238
MISC_ORG_gene_00001	gi|302828294|ref|XP_002945714.1|	27.60	221	152	8	53	269	141	357	3e-07	62.8	402
MISC_ORG_gene_00001	gi|403372651|gb|EJY86226.1|	24.66	223	159	9	56	269	65	287	3e-07	62.8	322
MISC_ORG_gene_00001	gi|403352000|gb|EJY75503.1|	25.23	218	163	0	55	272	202	419	7e-07	61.6	609
MISC_ORG_gene_00001	gi|118386245|ref|XP_001026243.1|	25.31	241	170	10	38	268	213	453	2e-06	60.1	566
MISC_ORG_gene_00001	gi|586725634|gb|EAS05998.2|	25.31	241	170	10	38	268	213	453	2e-06	60.1	587
MISC_ORG_gene_00001	gi|403341831|gb|EJY70232.1|	23.27	275	204	7	51	322	197	467	4e-06	58.9	798
MISC_ORG_gene_00002	gi|71665709|ref|XP_819821.1|	77.17	276	63	0	1	276	1	276	3e-121	 441	1418
MISC_ORG_gene_00002	gi|557865099|gb|ESS68341.1|	75.36	276	68	0	1	276	1	276	6e-119	 433	1406
MISC_ORG_gene_00002	gi|407849463|gb|EKG04196.1|	74.89	231	58	0	46	276	1	231	2e-99	 368	1361
MISC_ORG_gene_00002	gi|407414952|gb|EKF36571.1|	73.59	231	61	0	46	276	1	231	3e-98	 364	1361
MISC_ORG_gene_00002	gi|340057557|emb|CCC51903.1|	51.24	283	124	14	1	280	1	272	3e-72	 278	1322
MISC_ORG_gene_00002	gi|261333091|emb|CBH16086.1|	48.49	299	149	5	1	297	1	296	7e-69	 266	1406
MISC_ORG_gene_00002	gi|71748266|ref|XP_823188.1|	48.65	296	147	5	1	294	1	293	5e-68	 264	1406
MISC_ORG_gene_00002	gi|342184612|emb|CCC94094.1|	46.07	280	141	10	1	274	1	276	8e-63	 247	1400
MISC_ORG_gene_00002	gi|686645478|ref|XP_009315184.1|	49.59	121	59	2	156	274	1	121	8e-22	 110	1251
MISC_ORG_gene_00002	gi|389603347|ref|XP_001569071.2|	32.34	269	127	55	1	233	1	250	4e-16	91.7	1690
MISC_ORG_gene_00002	gi|401420592|ref|XP_003874785.1|	32.47	271	124	59	1	233	1	250	7e-16	91.3	1595
MISC_ORG_gene_00002	gi|731709872|ref|XP_010703372.1|	32.84	271	123	59	1	233	1	250	7e-16	91.3	1690
MISC_ORG_gene_00002	gi|588317089|emb|CCW63902.1|	26.19	294	150	67	1	234	1	287	8e-16	90.9	1610
MISC_ORG_gene_00002	gi|398024802|ref|XP_003865562.1|	32.47	271	124	59	1	233	1	250	9e-16	90.9	1686
MISC_ORG_gene_00002	gi|146105265|ref|XP_001470016.1|	31.84	267	123	59	5	233	32	277	3e-14	85.5	1712
MISC_ORG_gene_00002	gi|157877380|ref|XP_001687011.1|	29.48	173	88	34	76	233	4	157	8e-06	57.8	1592
MISC_ORG_gene_00003	gi|261333091|emb|CBH16086.1|	50.71	1053	492	27	2	1038	363	1404	0.0	1010	1406
MISC_ORG_gene_00003	gi|342184612|emb|CCC94094.1|	50.43	1055	487	36	2	1038	362	1398	0.0	 993	1400
MISC_ORG_gene_00003	gi|407414952|gb|EKF36571.1|	74.66	1042	262	2	1	1040	317	1358	0.0	1525	1361
MISC_ORG_gene_00003	gi|407849463|gb|EKG04196.1|	74.30	1043	266	2	1	1041	317	1359	0.0	1510	1361
MISC_ORG_gene_00003	gi|557865099|gb|ESS68341.1|	74.11	1043	268	2	1	1041	362	1404	0.0	1508	1406
MISC_ORG_gene_00003	gi|686645478|ref|XP_009315184.1|	64.02	1045	357	19	4	1037	212	1248	0.0	1291	1251
MISC_ORG_gene_00003	gi|71665709|ref|XP_819821.1|	74.88	1043	260	2	1	1041	362	1404	0.0	1519	1418
MISC_ORG_gene_00003	gi|71748266|ref|XP_823188.1|	50.52	1053	494	27	2	1038	363	1404	0.0	1008	1406
MISC_ORG_gene_00003	gi|340057557|emb|CCC51903.1|	51.27	667	302	23	3	661	353	1004	1e-177	 630	1322
MISC_ORG_gene_00003	gi|588317089|emb|CCW63902.1|	27.09	1185	650	214	4	1029	479	1608	4e-98	 366	1610
MISC_ORG_gene_00003	gi|340057557|emb|CCC51903.1|	51.67	329	152	7	716	1037	983	1311	3e-82	 314	1322
MISC_ORG_gene_00003	gi|146105265|ref|XP_001470016.1|	28.40	1109	628	166	2	976	513	1589	2e-78	 301	1712
MISC_ORG_gene_00003	gi|398024802|ref|XP_003865562.1|	28.21	1113	626	173	2	976	486	1563	1e-77	 298	1686
MISC_ORG_gene_00003	gi|389603347|ref|XP_001569071.2|	27.86	1059	603	161	11	934	495	1527	2e-72	 281	1690
MISC_ORG_gene_00003	gi|157877380|ref|XP_001687011.1|	27.53	1079	632	150	2	952	392	1448	6e-72	 279	1592
MISC_ORG_gene_00003	gi|731709872|ref|XP_010703372.1|	27.33	1061	606	165	11	934	495	1527	5e-71	 276	1690
MISC_ORG_gene_00003	gi|401420592|ref|XP_003874785.1|	29.68	839	496	94	205	950	613	1450	4e-68	 266	1595
MISC_ORG_gene_00003	gi|528215807|gb|EPY19598.1|	26.15	780	439	137	16	693	603	1347	3e-26	 128	1355
MISC_ORG_gene_00003	gi|528215808|gb|EPY19599.1|	31.02	187	111	18	704	882	1	177	1e-09	72.8	216
